Algorithm: Bellman-Ford
Source: 0
Vertex Distance
0 0
1 -6
2 -4
3 6
4 30
5 31
6 54
7 74
8 65
9 90
10 97
11 110
12 134
13 143
14 150
15 171
16 170
17 162
18 183
19 194
20 195
21 218
22 227
23 247
24 242
25 235
26 241
27 254
28 256
29 273
30 267
31 271
32 288
33 311
34 330
35 351
36 372
37 363
38 381
39 401
40 392
41 416
42 410
43 408
44 402
45 399
46 396
47 420
48 424
49 448
50 460
51 452
52 443
53 448
54 439
55 462
56 483
57 477
58 491
59 502
60 514
61 539
62 540
63 539
64 546
65 552
66 576
67 586
68 578
69 573
70 578
71 572
72 595
73 602
74 619
75 636
76 659
77 653
78 678
79 689
80 712
81 731
82 723
83 742
84 765
85 781
86 796
87 797
88 808
89 814
90 821
91 814
92 809
93 815
94 809
95 827
96 833
97 841
98 831
99 828
100 847
101 856
102 847
103 837
104 833
105 843
106 838
107 828
108 848
109 864
110 859
111 876
112 877
113 884
114 889
115 902
116 899
117 907
118 912
119 920
120 933
121 931
122 939
123 936
124 939
125 937
126 953
127 961
128 980
129 981
130 997
131 1003
132 647
133 656
134 676
135 677
136 678
137 689
138 710
139 728
140 732
141 749
142 747
143 764
144 756
145 781
146 782
147 787
148 798
149 806
150 829
151 827
152 844
153 851
154 843
155 844
156 837
157 859
158 851
159 875
160 898
161 796
162 803
163 793
164 794
165 788
166 794
167 796
168 791
169 804
170 823
171 844
172 860
173 872
174 874
175 313
176 332
177 336
178 327
179 343
180 337
181 328
182 319
183 333
184 347
185 353
186 358
187 368
188 392
189 417
190 413
191 424
192 436
193 444
194 445
195 467
196 491
197 484
198 482
199 501
200 521
201 519
202 510
203 504
204 508
205 510
206 508
207 504
208 519
209 516
210 528
211 525
212 547
213 569
214 562
215 564
216 575
217 591
218 587
219 612
220 607
221 604
222 599
223 414
224 439
225 450
226 468
227 470
228 484
229 494
230 511
231 529
232 552
233 576
234 600
235 610
236 603
237 617
238 607
239 602
240 622
241 635
242 658
243 675
244 680
245 676
246 684
247 674
248 671
249 514
250 510
251 523
252 526
253 519
254 521
255 542
256 541
257 539
258 544
259 543
260 548
261 545
262 570
263 568
264 570
265 564
266 571
267 585
268 606
269 631
270 633
271 642
272 663
273 667
274 692
275 702
276 699
277 692
278 684
279 700
280 694
281 703
282 712
283 711
284 736
285 741
286 748
287 766
288 777
289 792
290 512
291 506
292 505
293 508
294 533
295 531
296 548
297 554
298 557
299 575
300 570
301 586
302 606
303 604
304 598
305 611
306 632
307 643
308 642
309 638
310 347
311 344
312 351
313 370
314 365
315 389
316 397
317 422
318 424
319 440
320 437
321 434
322 432
323 438
324 460
325 477
326 485
327 487
328 491
329 499
330 515
331 508
332 491
333 490
334 507
335 500
336 497
337 514
338 509
339 530
340 520
341 529
342 539
343 532
344 526
345 530
346 531
347 551
348 546
349 566
350 567
351 583
352 586
353 601
354 600
355 594
356 610
357 609
358 623
359 646
360 647
361 666
362 665
363 685
364 692
365 607
366 629
367 627
368 652
369 658
370 652
371 654
372 665
373 674
374 677
375 694
376 707
377 726
378 741
379 737
380 755
381 777
382 798
383 692
384 701
385 691
386 699
387 722
388 735
389 744
390 754
391 746
392 742
393 732
394 731
395 745
396 767
397 790
398 807
399 819
400 837
401 828
402 819
403 822
404 817
405 808
406 811
407 819
408 836
409 828
410 839
411 586
412 576
413 597
414 605
415 619
416 626
417 638
418 648
419 644
420 635
421 112
422 137
423 149
424 143
425 148
426 142
427 140
428 157
429 149
430 148
431 146
432 165
433 163
434 172
435 193
436 189
437 186
438 188
439 178
440 171
441 172
442 184
443 201
444 210
445 230
446 237
447 236
448 258
449 280
450 297
451 295
452 319
453 320
454 326
455 320
456 328
457 330
458 324
459 336
460 330
461 347
462 366
463 367
464 373
465 379
466 375
467 396
468 415
469 410
470 416
471 415
472 426
473 446
474 441
475 -8
476 -10
477 -7
478 2
479 12
480 14
481 17
482 41
483 53
484 71
485 72
486 90
487 88
488 78
489 102
490 104
491 123
492 117
493 122
494 129
495 154
496 171
497 190
498 185
499 192
500 206
501 226
502 232
503 254
504 253
505 254
506 273
507 274
508 283
509 304
510 309
511 303
512 296
513 286
514 297
515 312
516 332
517 330
518 353
519 354
520 353
521 375
522 398
523 401
524 419
525 442
526 432
527 448
528 453
529 283
530 301
531 311
532 326
533 345
534 268
535 285
536 308
537 315
538 328
539 339
540 338
541 339
542 349
543 369
544 385
545 394
546 393
547 414
548 407
549 417
550 412
551 419
552 420
553 415
554 416
555 432
556 436
557 451
558 473
559 495
560 513
561 530
562 541
563 566
564 549
565 562
566 574
567 597
568 589
569 611
570 620
571 437
572 454
573 464
574 473
575 482
576 492
577 498
578 492
579 496
580 505
581 516
582 518
583 515
584 506
585 513
586 505
587 496
588 506
589 186
590 200
591 214
592 236
593 256
594 254
595 272
596 295
597 297
598 298
599 318
600 343
601 362
602 360
603 351
604 352
605 368
606 387
607 401
608 398
609 399
610 390
611 382
612 388
613 403
614 419
615 424
616 439
617 406
618 414
619 429
620 441
621 448
622 467
623 487
624 494
625 495
626 486
627 487
628 512
629 537
630 556
631 552
632 229
633 240
634 247
635 271
636 280
637 291
638 315
639 318
640 334
641 333
642 349
643 341
644 350
645 367
646 373
647 397
648 387
649 383
650 373
651 367
652 370
653 371
654 396
655 401
656 415
657 406
658 400
659 425
660 440
661 441
662 432
663 449
664 467
665 474
666 496
667 508
668 514
669 511
670 518
671 535
672 534
673 539
674 534
675 524
676 533
677 549
678 565
679 559
680 551
681 561
682 560
683 550
684 566
685 559
686 549
687 559
688 570
689 572
690 584
691 597
692 616
693 631
694 653
695 643
696 642
697 656
698 670
699 662
700 654
701 656
702 655
703 489
704 490
705 505
706 519
707 521
708 531
709 554
710 563
711 554
712 545
713 449
714 447
715 441
716 444
717 461
718 475
719 489
720 502
721 507
722 528
723 545
724 558
725 555
726 551
727 552
728 543
729 558
730 574
731 113
732 135
733 129
734 128
735 148
736 147
737 158
738 181
739 200
740 190
741 206
742 200
743 196
744 204
745 199
746 222
747 242
748 257
749 249
750 250
751 275
752 274
753 272
754 274
755 295
756 305
757 317
758 38
759 49
760 60
761 65
762 72
763 70
764 78
765 87
766 93
767 117
768 111
769 123
770 119
771 133
772 123
773 131
774 145
775 152
776 175
777 187
778 179
779 201
780 218
781 231
782 252
783 253
784 270
785 291
786 311
787 316
788 323
789 317
790 326
791 345
792 341
793 355
794 362
795 363
796 355
797 380
798 375
799 391
800 409
801 420
802 384
803 398
804 401
805 420
806 415
807 406
808 86
809 93
810 88
811 91
812 111
813 115
814 123
815 116
816 118
817 129
818 143
819 140
820 160
821 182
822 202
823 204
824 209
825 212
826 211
827 232
828 246
829 257
830 279
831 291
832 300
833 304
834 306
835 322
836 327
837 329
838 352
839 368
840 376
841 373
842 398
843 407
844 400
845 401
846 407
847 400
848 402
849 401
850 422
851 435
852 437
853 441
854 465
855 471
856 492
857 493
858 499
859 518
860 532
861 530
862 539
863 135
864 130
865 149
866 159
867 153
868 147
869 145
870 140
871 148
872 145
873 160
874 159
875 152
876 143
877 168
878 177
879 176
880 186
881 204
882 216
883 208
884 212
885 225
886 249
887 -6
888 -10
889 -9
890 -8
891 4
892 27
893 38
894 45
895 69
896 64
897 67
898 68
899 76
900 91
901 93
902 96
903 106
904 120
905 111
906 104
907 126
908 132
909 141
910 140
911 162
912 174
913 179
914 203
915 196
916 210
917 204
918 203
919 204
920 221
921 220
922 229
923 247
924 267
925 207
926 226
927 217
928 215
929 232
930 257
931 268
932 283
933 299
934 293
935 313
936 213
937 221
938 196
939 190
940 181
941 184
942 174
943 184
944 205
945 198
946 210
947 231
948 240
949 241
950 262
951 257
952 250
953 247
954 264
955 224
956 243
957 235
958 244
959 269
960 283
961 290
962 308
963 316
964 308
965 333
966 350
967 369
968 371
969 380
970 389
971 383
972 402
973 394
974 403
975 414
976 428
977 452
978 456
979 470
980 480
981 485
982 507
983 25
984 24
985 19
986 27
987 34
988 35
989 38
990 32
991 22
992 34
993 32
994 53
995 76
996 80
997 79
998 91
999 94
1000 113
1001 114
1002 120
1003 130
1004 145
1005 158
1006 180
1007 170
1008 183
1009 192
1010 217
1011 240
1012 235
1013 234
1014 249
1015 250
1016 254
1017 262
1018 286
1019 287
1020 280
1021 273
1022 270
1023 275
1024 284
1025 276
1026 277
1027 267
1028 271
1029 289
1030 309
1031 334
1032 353
1033 376
1034 383
1035 384
1036 395
1037 401
1038 397
1039 394
1040 395
1041 392
1042 407
1043 432
1044 456
1045 273
1046 266
1047 278
1048 300
1049 321
1050 341
1051 350
1052 360
1053 364
1054 376
1055 387
1056 395
1057 392
1058 393
1059 401
1060 228
1061 242
1062 238
1063 239
1064 243
1065 237
1066 231
1067 251
1068 275
1069 292
1070 309
1071 307
1072 298
1073 295
1074 101
1075 104
1076 108
1077 104
1078 101
1079 115
1080 119
1081 137
1082 139
1083 145
1084 170
1085 184
1086 175
1087 197
1088 222
1089 239
1090 263
1091 274
1092 105
1093 108
1094 111
1095 103
1096 127
1097 145
1098 151
1099 161
1100 162
1101 160
1102 184
1103 174
1104 190
1105 204
1106 200
1107 223
1108 236
1109 226
1110 246
1111 264
1112 262
1113 263
1114 282
1115 286
1116 299
1117 307
1118 308
1119 301
1120 304
1121 323
1122 328
1123 334
1124 335
1125 338
1126 351
1127 342
1128 338
1129 363
1130 366
1131 356
1132 358
1133 356
1134 370
1135 374
1136 384
1137 391
1138 381
1139 372
1140 369
1141 362
1142 206
1143 204
1144 205
1145 198
1146 93
1147 96
1148 118
1149 140
1150 132
1151 127
1152 128
1153 138
1154 137
1155 162
1156 179
1157 189
1158 186
1159 203
1160 227
1161 219
1162 236
1163 260
1164 280
1165 270
1166 286
1167 293
1168 304
1169 309
1170 313
1171 318
1172 343
1173 355
1174 372
1175 369
1176 367
1177 368
1178 379
1179 394
1180 267
1181 262
1182 286
1183 294
1184 293
1185 302
1186 318
1187 315
1188 328
1189 318
1190 310
1191 334
1192 327
1193 346
1194 354
1195 346
1196 353
1197 378
1198 397
1199 404
1200 326
1201 323
1202 324
1203 335
1204 343
1205 333
1206 328
1207 320
1208 313
1209 119
1210 113
1211 117
1212 124
1213 121
1214 113
1215 135
1216 128
1217 133
1218 129
1219 146
1220 164
1221 165
1222 187
1223 198
1224 193
1225 183
1226 181
1227 202
1228 200
1229 219
1230 227
1231 240
1232 262
1233 273
1234 270
1235 273
1236 282
1237 274
1238 275
1239 290
1240 305
1241 328
1242 335
1243 355
1244 258
1245 259
1246 249
1247 239
1248 235
1249 164
1250 183
1251 203
1252 218
1253 236
1254 239
1255 257
1256 256
1257 280
1258 273
1259 287
1260 279
1261 180
1262 199
1263 213
1264 203
1265 214
1266 213
1267 222
1268 230
1269 243
1270 244
1271 257
1272 253
1273 257
1274 275
1275 283
1276 299
1277 214
1278 225
1279 220
1280 233
1281 230
1282 255
1283 263
1284 257
1285 270
1286 276
1287 285
1288 292
1289 312
1290 315
1291 317
1292 318
1293 309
1294 312
1295 316
1296 317
1297 314
1298 322
1299 345
1300 346
1301 349
1302 339
1303 340
1304 358
1305 366
1306 244
1307 256
1308 275
1309 292
1310 284
1311 295
1312 125
1313 144
1314 140
1315 148
1316 172
1317 57
1318 59
1319 62
1320 57
1321 60
1322 82
1323 73
1324 92
1325 115
1326 127
1327 130
1328 148
1329 164
1330 178
1331 141
1332 140
1333 133
1334 158
1335 160
1336 163
1337 174
1338 12
1339 24
1340 46
1341 59
1342 63
1343 69
1344 84
1345 75
1346 88
1347 101
1348 107
1349 108
1350 128
1351 119
1352 143
1353 149
1354 168
1355 189
1356 187
1357 161
1358 144
1359 141
1360 159
1361 162
1362 169
1363 160
1364 157
1365 151
1366 150
1367 159
1368 173
1369 169
1370 168
1371 186
1372 185
1373 193
1374 216
1375 215
1376 222
1377 219
1378 227
1379 245
1380 240
1381 126
1382 134
1383 139
1384 155
1385 153
1386 171
1387 184
1388 44
1389 51
1390 70
1391 62
1392 68
1393 90
1394 99
1395 113
1396 108
1397 103
1398 125
1399 75
1400 94
1401 119
1402 118
1403 108
1404 131
1405 148
1406 160
1407 153
1408 159
1409 157
1410 159
1411 151
1412 170
1413 191
1414 214
1415 222
1416 241
1417 231
1418 236
1419 146
1420 167
1421 165
1422 171
1423 183
1424 184
1425 174
1426 167
1427 187
1428 212
1429 210
1430 211
1431 229
1432 251
1433 252
1434 253
1435 278
1436 284
1437 286
1438 204
1439 200
1440 218
1441 231
1442 251
1443 259
1444 270
1445 287
1446 295
1447 291
1448 306
1449 323
1450 325
1451 333
1452 334
1453 340
1454 360
1455 210
1456 201
1457 203
1458 216
1459 229
1460 251
1461 260
1462 199
1463 220
1464 196
1465 191
1466 190
1467 201
1468 223
1469 221
1470 224
1471 235
1472 257
1473 41
1474 33
1475 31
1476 55
1477 75
1478 76
1479 94
1480 85
1481 82
1482 104
1483 95
1484 102
1485 101
1486 95
1487 96
1488 103
1489 84
1490 105
1491 112
1492 111
1493 115
1494 108
1495 110
1496 112
1497 110
1498 100
1499 112
1500 129
1501 149
1502 164
1503 171
1504 165
1505 185
1506 201
1507 215
1508 229
1509 230
1510 231
1511 248
1512 241
1513 250
1514 275
1515 281
1516 280
1517 251
1518 271
1519 286
1520 295
1521 300
1522 153
1523 149
1524 154
1525 167
1526 173
1527 193
1528 200
1529 222
1530 215
1531 214
1532 230
1533 225
1534 223
1535 219
1536 226
1537 235
1538 228
1539 223
1540 221
1541 240
1542 231
1543 250
1544 178
1545 185
1546 128
1547 135
1548 157
1549 88
1550 101
1551 95
1552 119
1553 138
1554 142
1555 151
1556 156
1557 171
1558 170
1559 165
1560 189
1561 214
1562 219
1563 240
1564 230
1565 222
1566 234
1567 242
1568 266
1569 267
1570 290
1571 307
1572 329
1573 351
1574 369
1575 384
1576 333
1577 351
1578 366
1579 372
1580 392
1581 417
1582 433
1583 456
1584 467
1585 465
1586 475
1587 477
1588 500
1589 493
1590 511
1591 522
1592 535
1593 117
1594 123
1595 141
1596 135
1597 143
1598 160
1599 181
1600 196
1601 203
1602 215
1603 221
1604 212
1605 233
1606 227
1607 213
1608 228
1609 238
1610 171
1611 164
1612 177
1613 146
1614 157
1615 154
1616 148
1617 159
1618 178
1619 180
1620 97
1621 99
1622 118
1623 119
1624 143
1625 146
1626 139
1627 140
1628 165
1629 185
1630 176
1631 170
1632 178
1633 169
1634 176
1635 194
1636 216
1637 209
1638 223
1639 236
1640 235
1641 241
1642 240
1643 257
1644 271
1645 294
1646 241
1647 263
1648 280
1649 283
1650 294
1651 296
1652 308
1653 320
1654 318
1655 328
1656 333
1657 358
1658 295
1659 302
1660 294
1661 315
1662 333
1663 346
1664 28
1665 31
1666 45
1667 64
1668 77
1669 87
1670 95
1671 114
1672 126
1673 122
1674 116
1675 123
1676 126
1677 141
1678 143
1679 158
1680 157
1681 174
1682 165
1683 159
1684 153
1685 147
1686 171
1687 186
1688 183
1689 200
1690 149
1691 160
1692 180
1693 205
1694 215
1695 238
1696 170
1697 164
1698 165
1699 167
1700 165
1701 164
1702 172
1703 168
1704 69
1705 79
1706 70
1707 94
1708 102
1709 124
1710 57
1711 61
1712 71
1713 85
1714 96
1715 120
1716 125
1717 115
1718 137
1719 156
1720 148
1721 142
1722 164
1723 168
1724 173
1725 167
1726 168
1727 182
1728 177
1729 181
1730 199
1731 211
1732 220
1733 213
1734 235
1735 237
1736 233
1737 120
1738 115
1739 111
1740 117
1741 139
1742 140
1743 137
1744 138
1745 152
1746 164
1747 173
1748 197
1749 199
1750 218
1751 230
1752 243
1753 254
1754 274
1755 270
1756 125
1757 41
1758 65
1759 89
1760 84
1761 102
1762 56
1763 66
1764 62
1765 68
1766 59
1767 72
1768 73
1769 78
1770 79
1771 75
1772 97
1773 96
1774 108
1775 106
1776 107
1777 97
1778 91
1779 92
1780 94
1781 109
1782 106
1783 128
1784 121
1785 130
1786 144
1787 142
1788 146
1789 151
1790 167
1791 182
1792 191
1793 181
1794 190
1795 188
1796 191
1797 185
1798 186
1799 84
1800 90
1801 110
1802 127
1803 119
1804 134
1805 150
1806 152
1807 176
1808 182
1809 205
1810 197
1811 189
1812 209
1813 95
1814 87
1815 104
1816 105
1817 117
1818 110
1819 135
1820 158
1821 153
1822 177
1823 175
1824 187
1825 211
1826 187
1827 208
1828 198
1829 202
1830 210
1831 202
1832 199
1833 222
1834 62
1835 68
1836 78
1837 80
1838 97
1839 101
1840 104
1841 118
1842 134
1843 125
1844 138
1845 152
1846 153
1847 159
1848 169
1849 164
1850 167
1851 179
1852 187
1853 178
1854 173
1855 188
1856 213
1857 212
1858 237
1859 240
1860 164
1861 171
1862 181
1863 184
1864 193
1865 109
1866 104
1867 119
1868 136
1869 135
1870 151
1871 153
1872 160
1873 157
1874 179
1875 171
1876 187
1877 192
1878 184
1879 198
1880 207
1881 224
1882 221
1883 239
1884 261
1885 260
1886 261
1887 183
1888 177
1889 175
1890 188
1891 203
1892 228
1893 225
1894 220
1895 218
1896 237
1897 238
1898 233
1899 252
1900 251
1901 90
1902 92
1903 100
1904 107
1905 101
1906 66
1907 58
1908 75
1909 94
1910 106
1911 124
1912 123
1913 137
1914 132
1915 143
1916 159
1917 161
1918 174
1919 151
1920 165
1921 177
1922 167
1923 187
1924 192
1925 188
1926 208
1927 211
1928 202
1929 216
1930 209
1931 221
1932 237
1933 238
1934 263
1935 283
1936 279
1937 295
1938 305
1939 300
1940 195
1941 190
1942 191
1943 195
1944 122
1945 116
1946 126
1947 116
1948 112
1949 115
1950 130
1951 123
1952 120
1953 121
1954 114
1955 126
1956 128
1957 148
1958 171
1959 162
1960 180
1961 172
1962 193
1963 207
1964 140
1965 133
1966 123
1967 146
1968 164
1969 162
1970 157
1971 161
1972 171
1973 165
1974 173
1975 175
1976 196
1977 153
1978 176
1979 193
1980 197
1981 211
1982 217
1983 221
1984 234
1985 250
1986 263
1987 264
1988 260
1989 238
1990 239
1991 231
1992 222
1993 223
1994 218
1995 236
1996 234
1997 232
1998 225
1999 236
2000 255
2001 247
2002 262
2003 237
2004 230
2005 229
2006 227
2007 224
2008 150
2009 152
2010 97
2011 89
2012 105
2013 116
2014 119
2015 114
2016 104
2017 102
2018 98
2019 112
2020 134
2021 130
2022 121
2023 112
2024 109
2025 130
2026 143
2027 139
2028 140
2029 133
2030 152
2031 148
2032 143
2033 161
2034 168
2035 158
2036 150
2037 131
2038 155
2039 160
2040 175
2041 182
2042 202
2043 219
2044 226
2045 227
2046 232
2047 233
2048 235
2049 245
2050 149
2051 167
2052 168
2053 192
2054 217
2055 210
2056 206
2057 212
2058 217
2059 235
2060 257
2061 262
2062 276
2063 275
2064 287
2065 286
2066 289
2067 287
2068 288
2069 280
2070 270
2071 264
2072 274
2073 287
2074 300
2075 290
2076 306
2077 192
2078 208
2079 218
2080 213
2081 214
2082 215
2083 220
2084 195
2085 218
2086 211
2087 228
2088 236
2089 257
2090 267
2091 263
2092 259
2093 249
2094 161
2095 185
2096 183
2097 184
2098 193
2099 206
2100 197
2101 190
2102 137
2103 135
2104 137
2105 146
2106 160
2107 159
2108 179
2109 192
2110 190
2111 189
2112 210
2113 224
2114 214
2115 236
2116 226
2117 95
2118 120
2119 135
2120 132
2121 151
2122 176
2123 188
2124 198
2125 205
2126 230
2127 239
2128 184
2129 200
2130 219
2131 235
2132 247
2133 255
2134 262
2135 287
2136 299
2137 292
2138 316
2139 322
2140 314
2141 317
2142 307
2143 310
2144 301
2145 314
2146 232
2147 242
2148 260
2149 257
2150 264
2151 273
2152 268
2153 273
2154 298
2155 321
2156 345
2157 370
2158 386
2159 399
2160 417
2161 427
2162 442
2163 466
2164 456
2165 481
2166 473
2167 496
2168 511
2169 522
2170 173
2171 170
2172 193
2173 185
2174 191
2175 202
2176 210
2177 206
2178 196
2179 83
2180 100
2181 122
2182 96
2183 120
2184 122
2185 137
2186 146
2187 144
2188 126
2189 133
2190 107
2191 121
2192 139
2193 129
2194 154
2195 161
2196 156
2197 154
2198 168
2199 165
2200 182
2201 173
2202 178
2203 190
2204 205
2205 204
2206 163
2207 169
2208 179
2209 185
2210 202
2211 226
2212 223
2213 227
2214 224
2215 214
2216 231
2217 235
2218 129
2219 148
2220 143
2221 149
2222 155
2223 153
2224 151
2225 161
2226 180
2227 121
2228 130
2229 126
2230 133
2231 128
2232 124
2233 127
2234 142
2235 165
2236 168
2237 187
2238 208
2239 209
2240 198
2241 210
2242 108
2243 126
2244 139
2245 155
2246 147
2247 141
2248 123
2249 133
2250 134
2251 130
2252 141
2253 137
2254 129
2255 147
2256 148
2257 161
2258 184
2259 197
2260 190
2261 194
2262 191
2263 181
2264 189
2265 190
2266 214
2267 148
2268 156
2269 167
2270 134
2271 154
2272 170
2273 172
2274 175
2275 76
2276 96
2277 88
2278 94
2279 96
2280 108
2281 133
2282 141
2283 147
2284 161
2285 183
2286 186
2287 121
2288 96
2289 106
2290 108
2291 104
2292 112
2293 123
2294 113
2295 107
2296 104
2297 108
2298 118
2299 122
2300 112
2301 123
2302 122
2303 115
2304 130
2305 131
2306 142
2307 162
2308 171
2309 192
2310 183
2311 184
2312 201
2313 133
2314 116
2315 107
2316 126
2317 122
2318 123
2319 146
2320 137
2321 158
2322 149
2323 145
2324 165
2325 168
2326 162
2327 170
2328 150
2329 145
2330 164
2331 173
2332 186
2333 198
2334 199
2335 193
2336 214
2337 226
2338 172
2339 174
2340 177
2341 194
2342 193
2343 207
2344 210
2345 40
2346 41
2347 31
2348 45
2349 61
2350 82
2351 88
2352 95
2353 97
2354 94
2355 115
2356 116
2357 135
2358 126
2359 127
2360 66
2361 68
2362 83
2363 98
2364 97
2365 88
2366 80
2367 79
2368 85
2369 79
2370 85
2371 101
2372 120
2373 142
2374 167
2375 188
2376 185
2377 132
2378 151
2379 152
2380 160
2381 171
2382 190
2383 184
2384 192
2385 183
2386 205
2387 219
2388 217
2389 118
2390 139
2391 133
2392 136
2393 161
2394 158
2395 121
2396 135
2397 156
2398 103
2399 100
2400 119
2401 112
2402 96
2403 91
2404 104
2405 103
2406 99
2407 113
2408 127
2409 131
2410 154
2411 164
2412 155
2413 175
2414 195
2415 207
2416 211
2417 220
2418 221
2419 224
2420 175
2421 172
2422 178
2423 187
2424 193
2425 194
2426 204
2427 218
2428 235
2429 256
2430 177
2431 180
2432 184
2433 192
2434 182
2435 188
2436 209
2437 176
2438 181
2439 205
2440 116
2441 137
2442 143
2443 151
2444 150
2445 170
2446 165
2447 175
2448 198
2449 214
2450 223
2451 97
2452 121
2453 124
2454 128
2455 134
2456 155
2457 150
2458 166
2459 175
2460 191
2461 199
2462 222
2463 245
2464 223
2465 107
2466 121
2467 143
2468 134
2469 130
2470 126
2471 140
2472 160
2473 138
2474 133
2475 125
2476 130
2477 124
2478 122
2479 119
2480 131
2481 121
2482 127
2483 77
2484 81
2485 95
2486 98
2487 64
2488 40
2489 32
2490 33
2491 34
2492 40
2493 32
2494 40
2495 62
2496 80
2497 99
2498 98
2499 105
2500 99
2501 121
2502 123
2503 114
2504 125
2505 136
2506 46
2507 64
2508 80
2509 71
2510 72
2511 66
2512 71
2513 74
2514 89
2515 85
2516 108
2517 120
2518 116
2519 136
2520 137
2521 149
2522 144
2523 153
2524 166
2525 170
2526 179
2527 192
2528 209
2529 186
2530 183
2531 186
2532 188
2533 125
2534 143
2535 144
2536 128
2537 133
2538 67
2539 76
2540 75
2541 66
2542 61
2543 84
2544 107
2545 106
2546 122
2547 132
2548 149
2549 169
2550 161
2551 163
2552 183
2553 189
2554 201
2555 202
2556 212
2557 210
2558 201
2559 220
2560 201
2561 208
2562 226
2563 247
2564 272
2565 92
2566 87
2567 102
2568 127
2569 131
2570 128
2571 104
2572 102
2573 115
2574 134
2575 147
2576 154
2577 152
2578 163
2579 174
2580 67
2581 92
2582 22
2583 43
2584 64
2585 70
2586 89
2587 81
2588 85
2589 97
2590 117
2591 139
2592 137
2593 132
2594 147
2595 168
2596 97
2597 89
2598 109
2599 132
2600 143
2601 149
2602 167
2603 164
2604 177
2605 172
2606 34
2607 41
2608 31
2609 30
2610 22
2611 37
2612 43
2613 57
2614 72
2615 85
2616 105
2617 116
2618 138
2619 131
2620 122
2621 131
2622 152
2623 151
2624 170
2625 171
2626 187
2627 202
2628 204
2629 226
2630 204
2631 49
2632 52
2633 68
2634 89
2635 113
2636 100
2637 110
2638 122
2639 135
2640 79
2641 98
2642 105
2643 99
2644 116
2645 120
2646 141
2647 155
2648 151
2649 166
2650 170
2651 162
2652 170
2653 166
2654 162
2655 168
2656 143
2657 133
2658 123
2659 141
2660 160
2661 165
2662 189
2663 202
2664 219
2665 234
2666 254
2667 214
2668 235
2669 240
2670 39
2671 41
2672 61
2673 71
2674 73
2675 68
2676 82
2677 87
2678 106
2679 120
2680 145
2681 55
2682 76
2683 67
2684 63
2685 47
2686 37
2687 46
2688 55
2689 68
2690 90
2691 97
2692 94
2693 97
2694 116
2695 115
2696 136
2697 114
2698 105
2699 118
2700 135
2701 134
2702 137
2703 118
2704 131
2705 149
2706 143
2707 154
2708 178
2709 187
2710 182
2711 157
2712 169
2713 165
2714 82
2715 75
2716 72
2717 70
2718 74
2719 83
2720 78
2721 97
2722 121
2723 112
2724 116
2725 129
2726 133
2727 129
2728 123
2729 113
2730 124
2731 137
2732 157
2733 162
2734 159
2735 182
2736 186
2737 196
2738 201
2739 220
2740 214
2741 59
2742 72
2743 64
2744 77
2745 84
2746 79
2747 92
2748 102
2749 109
2750 117
2751 41
2752 39
2753 29
2754 32
2755 34
2756 51
2757 52
2758 49
2759 61
2760 60
2761 57
2762 79
2763 78
2764 103
2765 116
2766 107
2767 126
2768 145
2769 152
2770 175
2771 145
2772 169
2773 102
2774 127
2775 119
2776 123
2777 138
2778 151
2779 159
2780 39
2781 53
2782 75
2783 84
2784 96
2785 54
2786 74
2787 69
2788 76
2789 72
2790 71
2791 62
2792 75
2793 84
2794 80
2795 104
2796 96
2797 108
2798 127
2799 146
2800 145
2801 150
2802 151
2803 140
2804 159
2805 183
2806 192
2807 94
2808 85
2809 78
2810 79
2811 86
2812 87
2813 93
2814 106
2815 100
2816 112
2817 115
2818 136
2819 134
2820 147
2821 153
2822 150
2823 154
2824 152
2825 109
2826 125
2827 148
2828 164
2829 187
2830 193
2831 185
2832 11
2833 18
2834 17
2835 41
2836 44
2837 36
2838 55
2839 72
2840 94
2841 85
2842 83
2843 102
2844 113
2845 120
2846 119
2847 128
2848 120
2849 119
2850 136
2851 150
2852 142
2853 113
2854 107
2855 124
2856 125
2857 136
2858 143
2859 145
2860 144
2861 134
2862 130
2863 135
2864 132
2865 156
2866 173
2867 184
2868 174
2869 181
2870 192
2871 207
2872 82
2873 102
2874 95
2875 86
2876 79
2877 77
2878 95
2879 99
2880 113
2881 110
2882 131
2883 62
2884 50
2885 57
2886 53
2887 59
2888 60
2889 66
2890 85
2891 87
2892 77
2893 78
2894 63
2895 64
2896 81
2897 91
2898 92
2899 86
2900 79
2901 80
2902 94
2903 85
2904 96
2905 84
2906 104
2907 112
2908 113
2909 136
2910 151
2911 153
2912 158
2913 148
2914 150
2915 152
2916 153
2917 93
2918 94
2919 110
2920 122
2921 132
2922 127
2923 128
2924 146
2925 152
2926 150
2927 156
2928 147
2929 145
2930 97
2931 122
2932 112
2933 111
2934 119
2935 103
2936 97
2937 101
2938 94
2939 110
2940 121
2941 118
2942 110
2943 134
2944 88
2945 95
2946 86
2947 111
2948 129
2949 125
2950 130
2951 131
2952 20
2953 36
2954 57
2955 71
2956 77
2957 72
2958 69
2959 92
2960 107
2961 102
2962 93
2963 92
2964 109
2965 85
2966 93
2967 101
2968 115
2969 128
2970 151
2971 173
2972 195
2973 219
2974 231
2975 221
2976 233
2977 253
2978 243
2979 195
2980 196
2981 189
2982 184
2983 191
2984 195
2985 197
2986 191
2987 194
2988 198
2989 197
2990 98
2991 89
2992 103
2993 114
2994 111
2995 9
2996 1
2997 -7
2998 12
2999 4
3000 -4
3001 20
3002 33
3003 42
3004 32
3005 41
3006 61
3007 75
3008 99
3009 116
3010 106
3011 97
3012 110
3013 115
3014 129
3015 134
3016 143
3017 166
3018 165
3019 183
3020 200
3021 221
3022 241
3023 253
3024 271
3025 279
3026 270
3027 262
3028 158
3029 153
3030 173
3031 116
3032 115
3033 73
3034 81
3035 101
3036 112
3037 128
3038 140
3039 141
3040 161
3041 171
3042 185
3043 154
3044 160
3045 153
3046 158
3047 177
3048 150
3049 169
3050 160
3051 163
3052 156
3053 162
3054 179
3055 199
3056 147
3057 159
3058 182
3059 185
3060 179
3061 169
3062 149
3063 141
3064 103
3065 118
3066 100
3067 97
3068 117
3069 121
3070 135
3071 125
3072 120
3073 145
3074 111
3075 118
3076 120
3077 136
3078 120
3079 119
3080 132
3081 129
3082 145
3083 161
3084 154
3085 171
3086 169
3087 168
3088 193
3089 199
3090 204
3091 112
3092 132
3093 149
3094 135
3095 158
3096 169
3097 172
3098 189
3099 67
3100 92
3101 91
3102 116
3103 110
3104 115
3105 128
3106 125
3107 116
3108 106
3109 116
3110 134
3111 150
3112 158
3113 127
3114 120
3115 133
3116 151
3117 93
3118 98
3119 100
3120 79
3121 91
3122 73
3123 78
3124 90
3125 91
3126 84
3127 82
3128 87
3129 108
3130 102
3131 119
3132 139
3133 141
3134 157
3135 172
3136 91
3137 102
3138 98
3139 113
3140 111
3141 122
3142 118
3143 117
3144 138
3145 142
3146 135
3147 125
3148 140
3149 144
3150 115
3151 130
3152 137
3153 87
3154 104
3155 105
3156 96
3157 120
3158 133
3159 152
3160 83
3161 76
3162 98
3163 118
3164 127
3165 125
3166 143
3167 156
3168 172
3169 125
3170 148
3171 168
3172 169
3173 190
3174 214
3175 239
3176 251
3177 212
3178 207
3179 153
3180 144
3181 143
3182 153
3183 130
3184 153
3185 167
3186 160
3187 70
3188 67
3189 86
3190 100
3191 95
3192 89
3193 84
3194 106
3195 122
3196 125
3197 129
3198 75
3199 54
3200 64
3201 70
3202 79
3203 100
3204 97
3205 95
3206 94
3207 84
3208 89
3209 74
3210 83
3211 102
3212 112
3213 81
3214 25
3215 48
3216 56
3217 63
3218 68
3219 87
3220 86
3221 91
3222 98
3223 44
3224 40
3225 49
3226 42
3227 53
3228 67
3229 72
3230 82
3231 92
3232 104
3233 111
3234 101
3235 113
3236 105
3237 109
3238 100
3239 107
3240 112
3241 128
3242 134
3243 131
3244 81
3245 98
3246 36
3247 56
3248 66
3249 71
3250 49
3251 63
3252 80
3253 105
3254 116
3255 134
3256 131
3257 152
3258 115
3259 140
3260 149
3261 147
3262 136
3263 126
3264 71
3265 76
3266 67
3267 73
3268 75
3269 69
3270 82
3271 98
3272 102
3273 125
3274 134
3275 126
3276 148
3277 143
3278 168
3279 188
3280 127
3281 145
3282 31
3283 33
3284 43
3285 37
3286 27
3287 34
3288 55
3289 75
3290 90
3291 89
3292 84
3293 102
3294 110
3295 114
3296 106
3297 105
3298 115
3299 68
3300 85
3301 86
3302 98
3303 116
3304 85
3305 100
3306 116
3307 113
3308 124
3309 149
3310 160
3311 162
3312 169
3313 177
3314 183
3315 176
3316 197
3317 117
3318 111
3319 114
3320 111
3321 121
3322 130
3323 135
3324 137
3325 135
3326 96
3327 92
3328 96
3329 101
3330 112
3331 121
3332 130
3333 153
3334 159
3335 128
3336 122
3337 114
3338 121
3339 115
3340 125
3341 139
3342 133
3343 107
3344 99
3345 108
3346 99
3347 111
3348 119
3349 81
3350 91
3351 86
3352 95
3353 107
3354 113
3355 122
3356 143
3357 139
3358 142
3359 158
3360 179
3361 138
3362 133
3363 138
3364 139
3365 112
3366 134
3367 141
3368 135
3369 85
3370 85
3371 108
3372 100
3373 105
3374 100
3375 116
3376 110
3377 126
3378 129
3379 130
3380 107
3381 100
3382 95
3383 111
3384 121
3385 79
3386 87
3387 107
3388 39
3389 58
3390 73
3391 74
3392 93
3393 105
3394 95
3395 31
3396 51
3397 73
3398 69
3399 60
3400 61
3401 77
3402 88
3403 82
3404 72
3405 74
3406 98
3407 109
3408 118
3409 125
3410 132
3411 136
3412 129
3413 78
3414 83
3415 107
3416 60
3417 75
3418 98
3419 101
3420 114
3421 105
3422 98
3423 119
3424 110
3425 93
3426 76
3427 81
3428 72
3429 94
3430 67
3431 87
3432 100
3433 109
3434 118
3435 111
3436 136
3437 146
3438 84
3439 53
3440 52
3441 42
3442 37
3443 48
3444 45
3445 55
3446 73
3447 95
3448 103
3449 109
3450 119
3451 121
3452 115
3453 128
3454 121
3455 118
3456 110
3457 113
3458 110
3459 134
3460 130
3461 133
3462 123
3463 114
3464 118
3465 116
3466 133
3467 139
3468 113
3469 87
3470 95
3471 113
3472 102
3473 114
3474 108
3475 115
3476 138
3477 146
3478 90
3479 48
3480 58
3481 74
3482 78
3483 75
3484 81
3485 86
3486 89
3487 111
3488 106
3489 129
3490 138
3491 150
3492 126
3493 106
3494 60
3495 83
3496 75
3497 79
3498 99
3499 90
3500 87
3501 105
3502 96
3503 114
3504 112
3505 103
3506 104
3507 60
3508 55
3509 72
3510 81
3511 71
3512 61
3513 63
3514 60
3515 74
3516 69
3517 70
3518 69
3519 62
3520 67
3521 88
3522 79
3523 102
3524 125
3525 135
3526 146
3527 138
3528 128
3529 151
3530 100
3531 104
3532 120
3533 117
3534 112
3535 127
3536 128
3537 121
3538 144
3539 164
3540 177
3541 138
3542 128
3543 120
3544 64
3545 66
3546 85
3547 77
3548 75
3549 89
3550 26
3551 43
3552 68
3553 69
3554 45
3555 49
3556 48
3557 54
3558 63
3559 58
3560 77
3561 70
3562 78
3563 77
3564 85
3565 87
3566 104
3567 105
3568 106
3569 128
3570 149
3571 174
3572 177
3573 186
3574 180
3575 124
3576 139
3577 140
3578 123
3579 130
3580 155
3581 162
3582 169
3583 177
3584 197
3585 144
3586 116
3587 114
3588 106
3589 103
3590 124
3591 106
3592 98
3593 103
3594 124
3595 148
3596 167
3597 164
3598 189
3599 128
3600 77
3601 80
3602 92
3603 109
3604 92
3605 102
3606 95
3607 109
3608 124
3609 143
3610 145
3611 136
3612 150
3613 155
3614 164
3615 170
3616 161
3617 169
3618 164
3619 139
3620 158
3621 171
3622 183
3623 184
3624 200
3625 195
3626 219
3627 238
3628 230
3629 94
3630 86
3631 83
3632 103
3633 112
3634 91
3635 92
3636 102
3637 127
3638 117
3639 107
3640 128
3641 120
3642 116
3643 113
3644 116
3645 72
3646 68
3647 77
3648 89
3649 105
3650 119
3651 133
3652 147
3653 161
3654 158
3655 151
3656 154
3657 97
3658 87
3659 98
3660 106
3661 99
3662 121
3663 108
3664 117
3665 105
3666 113
3667 124
3668 115
3669 138
3670 143
3671 167
3672 185
3673 94
3674 85
3675 110
3676 133
3677 138
3678 135
3679 154
3680 170
3681 140
3682 155
3683 147
3684 92
3685 65
3686 81
3687 84
3688 46
3689 62
3690 87
3691 88
3692 80
3693 104
3694 83
3695 76
3696 66
3697 77
3698 99
3699 115
3700 112
3701 120
3702 117
3703 118
3704 140
3705 132
3706 122
3707 112
3708 127
3709 149
3710 173
3711 167
3712 192
3713 127
3714 146
3715 144
3716 158
3717 149
3718 101
3719 114
3720 117
3721 123
3722 132
3723 141
3724 19
3725 22
3726 14
3727 18
3728 36
3729 35
3730 36
3731 49
3732 40
3733 36
3734 32
3735 51
3736 71
3737 87
3738 86
3739 111
3740 132
3741 128
3742 72
3743 90
3744 112
3745 136
3746 161
3747 145
3748 50
3749 49
3750 52
3751 57
3752 53
3753 67
3754 73
3755 65
3756 69
3757 85
3758 101
3759 93
3760 111
3761 127
3762 149
3763 44
3764 58
3765 57
3766 82
3767 99
3768 97
3769 107
3770 97
3771 111
3772 89
3773 85
3774 101
3775 100
3776 115
3777 93
3778 111
3779 61
3780 57
3781 59
3782 34
3783 41
3784 60
3785 83
3786 76
3787 42
3788 39
3789 55
3790 52
3791 12
3792 5
3793 6
3794 12
3795 15
3796 11
3797 10
3798 0
3799 21
3800 37
3801 45
3802 64
3803 84
3804 102
3805 92
3806 94
3807 90
3808 98
3809 103
3810 121
3811 139
3812 143
3813 157
3814 132
3815 108
3816 100
3817 107
3818 115
3819 132
3820 157
3821 164
3822 93
3823 114
3824 136
3825 137
3826 142
3827 140
3828 122
3829 124
3830 60
3831 67
3832 58
3833 75
3834 76
3835 69
3836 75
3837 35
3838 47
3839 61
3840 56
3841 48
3842 69
3843 82
3844 17
3845 15
3846 28
3847 50
3848 63
3849 66
3850 71
3851 73
3852 80
3853 88
3854 108
3855 107
3856 132
3857 25
3858 48
3859 57
3860 76
3861 59
3862 63
3863 58
3864 64
3865 85
3866 76
3867 77
3868 88
3869 79
3870 71
3871 74
3872 72
3873 78
3874 79
3875 80
3876 98
3877 92
3878 100
3879 104
3880 118
3881 113
3882 137
3883 80
3884 92
3885 87
3886 91
3887 83
3888 79
3889 58
3890 54
3891 50
3892 58
3893 76
3894 71
3895 82
3896 74
3897 67
3898 61
3899 79
3900 53
3901 68
3902 75
3903 76
3904 79
3905 92
3906 67
3907 71
3908 83
3909 96
3910 105
3911 26
3912 48
3913 59
3914 61
3915 58
3916 53
3917 64
3918 70
3919 77
3920 84
3921 95
3922 88
3923 79
3924 86
3925 89
3926 112
3927 132
3928 118
3929 131
3930 124
3931 64
3932 78
3933 103
3934 125
3935 120
3936 124
3937 119
3938 144
3939 77
3940 84
3941 108
3942 123
3943 83
3944 86
3945 76
3946 75
3947 69
3948 84
3949 79
3950 67
3951 82
3952 99
3953 98
3954 100
3955 122
3956 98
3957 88
3958 113
3959 124
3960 112
3961 110
3962 129
3963 123
3964 98
3965 106
3966 73
3967 74
3968 77
3969 75
3970 95
3971 97
3972 73
3973 63
3974 85
3975 101
3976 120
3977 93
3978 100
3979 94
3980 84
3981 92
3982 89
3983 90
3984 46
3985 42
3986 39
3987 63
3988 51
3989 61
3990 51
3991 66
3992 71
3993 89
3994 92
3995 109
3996 92
3997 78
3998 92
3999 85
4000 86
4001 82
4002 92
4003 91
4004 85
4005 79
4006 101
4007 104
4008 117
4009 134
4010 109
4011 81
4012 87
4013 98
4014 101
4015 102
4016 81
4017 70
4018 65
4019 68
4020 86
4021 99
4022 103
4023 118
4024 119
4025 134
4026 131
4027 124
4028 119
4029 109
4030 62
4031 66
4032 89
4033 86
4034 108
4035 126
4036 151
4037 157
4038 102
4039 116
4040 46
4041 52
4042 64
4043 75
4044 93
4045 100
4046 93
4047 104
4048 102
4049 119
4050 137
4051 161
4052 152
4053 59
4054 76
4055 90
4056 109
4057 68
4058 75
4059 97
4060 115
4061 140
4062 164
4063 117
4064 111
4065 132
4066 113
4067 107
4068 119
4069 116
4070 114
4071 127
4072 86
4073 83
4074 74
4075 89
4076 101
4077 8
4078 23
4079 14
4080 10
4081 4
4082 8
4083 33
4084 58
4085 69
4086 80
4087 101
4088 92
4089 106
4090 49
4091 68
4092 84
4093 77
4094 92
4095 88
4096 112
4097 128
4098 140
4099 132
4100 131
4101 106
4102 103
4103 104
4104 98
4105 97
4106 94
4107 93
4108 93
4109 88
4110 80
4111 91
4112 110
4113 118
4114 143
4115 164
4116 168
4117 69
4118 74
4119 84
4120 102
4121 122
4122 99
4123 115
4124 107
4125 106
4126 125
4127 138
4128 124
4129 116
4130 117
4131 118
4132 117
4133 142
4134 140
4135 148
4136 146
4137 139
4138 46
4139 45
4140 42
4141 53
4142 69
4143 77
4144 78
4145 84
4146 88
4147 108
4148 105
4149 123
4150 117
4151 133
4152 64
4153 60
4154 70
4155 82
4156 101
4157 113
4158 107
4159 110
4160 100
4161 64
4162 67
4163 64
4164 83
4165 78
4166 102
4167 121
4168 73
4169 71
4170 75
4171 70
4172 94
4173 84
4174 89
4175 109
4176 131
4177 141
4178 108
4179 126
4180 118
4181 121
4182 120
4183 112
4184 127
4185 124
4186 118
4187 133
4188 142
4189 62
4190 63
4191 72
4192 82
4193 103
4194 128
4195 57
4196 71
4197 90
4198 94
4199 88
4200 95
4201 113
4202 95
4203 98
4204 107
4205 121
4206 55
4207 64
4208 80
4209 90
4210 51
4211 71
4212 91
4213 78
4214 82
4215 45
4216 69
4217 64
4218 79
4219 80
4220 88
4221 99
4222 115
4223 120
4224 116
4225 65
4226 66
4227 90
4228 108
4229 110
4230 107
4231 119
4232 115
4233 88
4234 104
4235 124
4236 108
4237 113
4238 125
4239 120
4240 68
4241 78
4242 95
4243 98
4244 99
4245 106
4246 96
4247 86
4248 78
4249 72
4250 63
4251 59
4252 58
4253 76
4254 70
4255 68
4256 91
4257 113
4258 122
4259 133
4260 59
4261 60
4262 59
4263 73
4264 72
4265 92
4266 101
4267 100
4268 116
4269 117
4270 53
4271 72
4272 96
4273 101
4274 125
4275 136
4276 135
4277 144
4278 149
4279 94
4280 115
4281 119
4282 139
4283 146
4284 96
4285 81
4286 79
4287 92
4288 86
4289 96
4290 111
4291 124
4292 93
4293 85
4294 86
4295 81
4296 73
4297 68
4298 59
4299 52
4300 60
4301 84
4302 103
4303 100
4304 123
4305 133
4306 128
4307 126
4308 110
4309 109
4310 126
4311 144
4312 114
4313 107
4314 109
4315 124
4316 114
4317 98
4318 95
4319 41
4320 40
4321 28
4322 50
4323 65
4324 74
4325 60
4326 50
4327 59
4328 77
4329 23
4330 45
4331 47
4332 63
4333 79
4334 80
4335 79
4336 74
4337 86
4338 100
4339 123
4340 121
4341 111
4342 112
4343 36
4344 55
4345 49
4346 54
4347 62
4348 70
4349 62
4350 63
4351 54
4352 72
4353 73
4354 96
4355 97
4356 100
4357 90
4358 78
4359 76
4360 71
4361 70
4362 30
4363 28
4364 33
4365 38
4366 52
4367 76
4368 55
4369 54
4370 55
4371 77
4372 69
4373 90
4374 83
4375 84
4376 77
4377 67
4378 59
4379 64
4380 65
4381 80
4382 86
4383 84
4384 88
4385 102
4386 113
4387 137
4388 120
4389 142
4390 132
4391 112
4392 135
4393 140
4394 139
4395 163
4396 88
4397 90
4398 115
4399 114
4400 70
4401 90
4402 109
4403 101
4404 103
4405 96
4406 95
4407 88
4408 101
4409 64
4410 67
4411 25
4412 34
4413 27
4414 32
4415 25
4416 31
4417 41
4418 56
4419 76
4420 72
4421 86
4422 87
4423 44
4424 60
4425 33
4426 3
4427 7
4428 2
4429 27
4430 30
4431 40
4432 48
4433 56
4434 54
4435 44
4436 36
4437 27
4438 50
4439 61
4440 67
4441 65
4442 90
4443 92
4444 104
4445 113
4446 114
4447 127
4448 128
4449 150
4450 127
4451 123
4452 130
4453 130
4454 149
4455 160
4456 168
4457 189
4458 204
4459 26
4460 43
4461 49
4462 39
4463 62
4464 66
4465 77
4466 71
4467 88
4468 87
4469 112
4470 90
4471 114
4472 135
4473 132
4474 155
4475 100
4476 98
4477 82
4478 80
4479 79
4480 101
4481 103
4482 57
4483 58
4484 69
4485 93
4486 85
4487 96
4488 99
4489 91
4490 115
4491 111
4492 112
4493 131
4494 71
4495 91
4496 76
4497 80
4498 84
4499 95
4500 97
4501 71
4502 47
4503 51
4504 50
4505 44
4506 55
4507 74
4508 66
4509 83
4510 35
4511 29
4512 34
4513 21
4514 33
4515 43
4516 44
4517 47
4518 40
4519 58
4520 52
4521 46
4522 53
4523 43
4524 39
4525 56
4526 52
4527 64
4528 57
4529 64
4530 56
4531 67
4532 64
4533 67
4534 48
4535 71
4536 88
4537 95
4538 86
4539 83
4540 107
4541 121
4542 122
4543 133
4544 76
4545 86
4546 85
4547 94
4548 77
4549 27
4550 24
4551 44
4552 50
4553 72
4554 64
4555 61
4556 66
4557 84
4558 105
4559 121
4560 146
4561 115
4562 118
4563 101
4564 90
4565 112
4566 118
4567 129
4568 146
4569 74
4570 61
4571 79
4572 98
4573 84
4574 40
4575 48
4576 67
4577 69
4578 59
4579 57
4580 50
4581 59
4582 53
4583 59
4584 64
4585 65
4586 63
4587 68
4588 89
4589 62
4590 82
4591 99
4592 91
4593 100
4594 116
4595 108
4596 73
4597 74
4598 75
4599 73
4600 84
4601 88
4602 86
4603 108
4604 111
4605 41
4606 40
4607 61
4608 47
4609 68
4610 72
4611 79
4612 91
4613 85
4614 88
4615 82
4616 63
4617 70
4618 67
4619 83
4620 82
4621 100
4622 116
4623 136
4624 127
4625 132
4626 102
4627 65
4628 66
4629 74
4630 81
4631 80
4632 72
4633 71
4634 79
4635 47
4636 43
4637 36
4638 37
4639 35
4640 38
4641 37
4642 38
4643 63
4644 74
4645 68
4646 62
4647 77
4648 86
4649 109
4650 121
4651 143
4652 139
4653 162
4654 108
4655 109
4656 99
4657 30
4658 24
4659 19
4660 11
4661 33
4662 28
4663 42
4664 43
4665 55
4666 78
4667 100
4668 115
4669 106
4670 105
4671 119
4672 111
4673 117
4674 18
4675 19
4676 42
4677 34
4678 57
4679 22
4680 37
4681 53
4682 62
4683 81
4684 74
4685 80
4686 98
4687 58
4688 72
4689 79
4690 86
4691 83
4692 91
4693 114
4694 121
4695 107
4696 109
4697 112
4698 127
4699 141
4700 125
4701 125
4702 142
4703 100
4704 97
4705 119
4706 68
4707 86
4708 106
4709 101
4710 95
4711 85
4712 103
4713 128
4714 124
4715 32
4716 30
4717 24
4718 38
4719 63
4720 61
4721 58
4722 71
4723 90
4724 113
4725 110
4726 106
4727 74
4728 95
4729 106
4730 104
4731 87
4732 95
4733 93
4734 102
4735 110
4736 102
4737 92
4738 109
4739 110
4740 124
4741 136
4742 161
4743 163
4744 75
4745 97
4746 87
4747 100
4748 108
4749 113
4750 114
4751 109
4752 113
4753 112
4754 109
4755 116
4756 114
4757 76
4758 80
4759 99
4760 55
4761 56
4762 72
4763 78
4764 85
4765 86
4766 104
4767 128
4768 147
4769 148
4770 164
4771 173
4772 185
4773 106
4774 119
4775 112
4776 132
4777 136
4778 142
4779 158
4780 56
4781 72
4782 86
4783 90
4784 58
4785 73
4786 84
4787 74
4788 82
4789 85
4790 103
4791 119
4792 93
4793 109
4794 99
4795 95
4796 111
4797 112
4798 111
4799 85
4800 88
4801 106
4802 114
4803 110
4804 125
4805 130
4806 112
4807 113
4808 69
4809 30
4810 33
4811 38
4812 63
4813 62
4814 52
4815 67
4816 73
4817 41
4818 62
4819 57
4820 55
4821 64
4822 62
4823 57
4824 71
4825 81
4826 74
4827 51
4828 42
4829 44
4830 58
4831 43
4832 42
4833 58
4834 64
4835 68
4836 67
4837 84
4838 75
4839 86
4840 68
4841 80
4842 68
4843 71
4844 94
4845 88
4846 91
4847 101
4848 93
4849 79
4850 77
4851 91
4852 108
4853 126
4854 136
4855 104
4856 115
4857 140
4858 163
4859 131
4860 141
4861 34
4862 29
4863 24
4864 29
4865 19
4866 21
4867 32
4868 47
4869 63
4870 87
4871 88
4872 109
4873 127
4874 148
4875 155
4876 150
4877 161
4878 179
4879 191
4880 88
4881 83
4882 90
4883 70
4884 87
4885 93
4886 101
4887 89
4888 102
4889 100
4890 107
4891 122
4892 142
4893 86
4894 67
4895 58
4896 57
4897 82
4898 78
4899 65
4900 56
4901 40
4902 41
4903 31
4904 47
4905 57
4906 33
4907 37
4908 60
4909 61
4910 78
4911 71
4912 91
4913 66
4914 75
4915 85
4916 84
4917 97
4918 89
4919 91
4920 87
4921 80
4922 85
4923 39
4924 60
4925 84
4926 96
4927 90
4928 66
4929 67
4930 76
4931 73
4932 98
4933 88
4934 79
4935 73
4936 70
4937 61
4938 63
4939 80
4940 90
4941 113
4942 135
4943 83
4944 77
4945 86
4946 106
4947 115
4948 110
4949 124
4950 83
4951 90
4952 114
4953 111
4954 115
4955 113
4956 82
4957 87
4958 90
4959 48
4960 71
4961 91
4962 92
4963 104
4964 122
4965 139
4966 153
4967 80
4968 77
4969 72
4970 65
4971 87
4972 95
4973 55
4974 24
4975 43
4976 41
4977 65
4978 60
4979 82
4980 83
4981 82
4982 74
4983 72
4984 72
4985 83
4986 77
4987 82
4988 93
4989 112
4990 82
4991 88
4992 56
4993 58
4994 66
4995 65
4996 66
4997 79
4998 84
4999 74
5000 69
5001 59
5002 77
5003 96
5004 89
5005 79
5006 97
5007 87
5008 72
5009 46
5010 36
5011 50
5012 69
5013 94
5014 60
5015 84
5016 101
5017 55
5018 67
5019 91
5020 107
5021 97
5022 106
5023 100
5024 99
5025 100
5026 64
5027 44
5028 64
5029 50
5030 69
5031 68
5032 64
5033 65
5034 66
5035 58
5036 78
5037 89
5038 86
5039 84
5040 85
5041 88
5042 89
5043 90
5044 84
5045 78
5046 86
5047 90
5048 112
5049 107
5050 99
5051 93
5052 95
5053 102
5054 53
5055 47
5056 43
5057 68
5058 58
5059 60
5060 53
5061 49
5062 40
5063 57
5064 52
5065 50
5066 69
5067 85
5068 73
5069 72
5070 50
5071 75
5072 83
5073 74
5074 71
5075 80
5076 92
5077 94
5078 90
5079 103
5080 94
5081 104
5082 101
5083 114
5084 56
5085 42
5086 57
5087 51
5088 71
5089 88
5090 78
5091 89
5092 102
5093 108
5094 106
5095 107
5096 103
5097 78
5098 47
5099 69
5100 61
5101 53
5102 54
5103 66
5104 64
5105 66
5106 59
5107 67
5108 81
5109 71
5110 72
5111 68
5112 65
5113 73
5114 82
5115 100
5116 44
5117 65
5118 58
5119 62
5120 85
5121 87
5122 36
5123 27
5124 28
5125 35
5126 54
5127 48
5128 67
5129 34
5130 37
5131 56
5132 73
5133 8
5134 7
5135 21
5136 20
5137 33
5138 44
5139 57
5140 40
5141 55
5142 53
5143 78
5144 69
5145 73
5146 74
5147 75
5148 86
5149 75
5150 97
5151 101
5152 121
5153 145
5154 42
5155 64
5156 65
5157 87
5158 89
5159 104
5160 114
5161 121
5162 121
5163 93
5164 84
5165 101
5166 80
5167 76
5168 62
5169 83
5170 77
5171 78
5172 96
5173 12
5174 22
5175 32
5176 41
5177 45
5178 36
5179 39
5180 34
5181 29
5182 30
5183 22
5184 21
5185 33
5186 27
5187 17
5188 39
5189 32
5190 55
5191 76
5192 99
5193 100
5194 93
5195 103
5196 85
5197 107
5198 132
5199 45
5200 46
5201 49
5202 42
5203 35
5204 47
5205 63
5206 60
5207 79
5208 89
5209 97
5210 98
5211 101
5212 82
5213 61
5214 62
5215 64
5216 73
5217 98
5218 104
5219 58
5220 49
5221 53
5222 47
5223 71
5224 65
5225 69
5226 64
5227 60
5228 64
5229 56
5230 58
5231 64
5232 87
5233 105
5234 98
5235 121
5236 125
5237 138
5238 53
5239 74
5240 68
5241 75
5242 76
5243 82
5244 85
5245 95
5246 53
5247 47
5248 67
5249 74
5250 98
5251 119
5252 110
5253 95
5254 115
5255 70
5256 77
5257 78
5258 100
5259 105
5260 99
5261 121
5262 49
5263 70
5264 68
5265 28
5266 35
5267 51
5268 50
5269 45
5270 62
5271 82
5272 83
5273 74
5274 91
5275 93
5276 105
5277 95
5278 92
5279 57
5280 71
5281 67
5282 62
5283 81
5284 35
5285 57
5286 47
5287 41
5288 60
5289 69
5290 83
5291 66
5292 90
5293 94
5294 70
5295 61
5296 46
5297 40
5298 34
5299 43
5300 60
5301 67
5302 74
5303 86
5304 98
5305 100
5306 96
5307 84
5308 75
5309 70
5310 45
5311 67
5312 64
5313 70
5314 91
5315 111
5316 104
5317 98
5318 112
5319 50
5320 46
5321 47
5322 43
5323 58
5324 59
5325 72
5326 93
5327 76
5328 40
5329 37
5330 61
5331 64
5332 69
5333 73
5334 66
5335 75
5336 67
5337 69
5338 90
5339 112
5340 82
5341 100
5342 107
5343 116
5344 134
5345 146
5346 56
5347 64
5348 42
5349 45
5350 64
5351 65
5352 86
5353 45
5354 54
5355 46
5356 71
5357 78
5358 84
5359 104
5360 41
5361 40
5362 61
5363 57
5364 55
5365 48
5366 53
5367 55
5368 75
5369 52
5370 74
5371 75
5372 81
5373 79
5374 75
5375 66
5376 71
5377 39
5378 57
5379 50
5380 26
5381 28
5382 30
5383 50
5384 60
5385 54
5386 50
5387 53
5388 57
5389 73
5390 76
5391 61
5392 73
5393 47
5394 54
5395 41
5396 60
5397 68
5398 74
5399 75
5400 74
5401 91
5402 112
5403 80
5404 96
5405 108
5406 102
5407 85
5408 78
5409 84
5410 72
5411 91
5412 111
5413 41
5414 49
5415 62
5416 80
5417 51
5418 7
5419 21
5420 25
5421 26
5422 27
5423 32
5424 53
5425 57
5426 62
5427 73
5428 65
5429 66
5430 88
5431 81
5432 27
5433 34
5434 37
5435 43
5436 54
5437 29
5438 54
5439 73
5440 48
5441 47
5442 64
5443 59
5444 64
5445 54
5446 18
5447 12
5448 13
5449 19
5450 29
5451 22
5452 42
5453 51
5454 43
5455 63
5456 54
5457 37
5458 32
5459 23
5460 16
5461 24
5462 27
5463 48
5464 40
5465 36
5466 46
5467 37
5468 53
5469 45
5470 42
5471 39
5472 51
5473 43
5474 35
5475 34
5476 45
5477 39
5478 49
5479 44
5480 39
5481 37
5482 49
5483 41
5484 62
5485 23
5486 14
5487 39
5488 40
5489 36
5490 52
5491 55
5492 65
5493 43
5494 49
5495 39
5496 44
5497 46
5498 65
5499 68
5500 74
5501 64
5502 67
5503 52
5504 45
5505 67
5506 68
5507 69
5508 91
5509 82
5510 27
5511 39
5512 38
5513 37
5514 46
5515 44
5516 56
5517 54
5518 55
5519 67
5520 70
5521 50
5522 66
5523 48
5524 28
5525 45
5526 70
5527 93
5528 85
5529 102
5530 49
5531 41
5532 -9
5533 13
5534 31
5535 36
5536 43
5537 57
5538 18
5539 38
5540 33
5541 54
5542 55
5543 52
5544 67
5545 70
5546 65
5547 76
5548 75
5549 46
5550 39
5551 36
5552 56
5553 67
5554 79
5555 69
5556 93
5557 107
5558 104
5559 99
5560 36
5561 40
5562 41
5563 33
5564 46
5565 47
5566 41
5567 31
5568 23
5569 48
5570 68
5571 82
5572 33
5573 47
5574 43
5575 41
5576 54
5577 49
5578 35
5579 54
5580 48
5581 28
5582 45
5583 62
5584 43
5585 56
5586 40
5587 41
5588 43
5589 37
5590 41
5591 36
5592 42
5593 31
5594 29
5595 33
5596 45
5597 37
5598 51
5599 72
5600 66
5601 90
5602 83
5603 101
5604 -15
5605 3
5606 -4
5607 7
5608 28
5609 21
5610 29
5611 43
5612 53
5613 64
5614 49
5615 43
5616 33
5617 46
5618 55
5619 57
5620 28
5621 34
5622 43
5623 62
5624 -12
5625 5
5626 17
5627 12
5628 20
5629 45
5630 21
5631 43
5632 34
5633 55
5634 74
5635 89
5636 109
5637 69
5638 71
5639 74
5640 77
5641 71
5642 83
5643 84
5644 89
5645 99
5646 103
5647 73
5648 78
5649 64
5650 54
5651 74
5652 87
5653 93
5654 85
5655 110
5656 83
5657 79
5658 71
5659 91
5660 59
5661 82
5662 31
5663 22
5664 33
5665 42
5666 53
5667 62
5668 25
5669 20
5670 10
5671 32
5672 26
5673 21
5674 43
5675 44
5676 52
5677 44
5678 43
5679 34
5680 28
5681 38
5682 56
5683 47
5684 37
5685 47
5686 48
5687 49
5688 59
5689 82
5690 74
5691 69
5692 61
5693 27
5694 21
5695 20
5696 24
5697 45
5698 55
5699 73
5700 93
5701 58
5702 51
5703 49
5704 71
5705 96
5706 48
5707 71
5708 61
5709 84
5710 77
5711 81
5712 79
5713 87
5714 65
5715 66
5716 48
5717 66
5718 64
5719 67
5720 73
5721 82
5722 78
5723 50
5724 46
5725 43
5726 40
5727 39
5728 45
5729 69
5730 73
5731 63
5732 57
5733 56
5734 75
5735 77
5736 37
5737 42
5738 38
5739 36
5740 45
5741 43
5742 57
5743 67
5744 59
5745 41
5746 34
5747 55
5748 63
5749 58
5750 67
5751 85
5752 103
5753 128
5754 132
5755 58
5756 69
5757 88
5758 56
5759 72
5760 81
5761 -4
5762 -13
5763 -6
5764 9
5765 25
5766 3
5767 27
5768 40
5769 45
5770 69
5771 81
5772 50
5773 60
5774 42
5775 52
5776 64
5777 63
5778 85
5779 46
5780 49
5781 45
5782 38
5783 47
5784 50
5785 51
5786 58
5787 83
5788 81
5789 95
5790 85
5791 77
5792 96
5793 89
5794 38
5795 31
5796 3
5797 23
5798 39
5799 34
5800 44
5801 50
5802 67
5803 69
5804 63
5805 64
5806 3
5807 1
5808 13
5809 13
5810 33
5811 55
5812 71
5813 65
5814 88
5815 89
5816 86
5817 87
5818 77
5819 97
5820 75
5821 80
5822 75
5823 29
5824 41
5825 33
5826 28
5827 31
5828 33
5829 42
5830 55
5831 64
5832 57
5833 29
5834 34
5835 44
5836 38
5837 44
5838 43
5839 63
5840 50
5841 37
5842 38
5843 1
5844 -9
5845 12
5846 14
5847 4
5848 9
5849 31
5850 43
5851 65
5852 60
5853 70
5854 60
5855 51
5856 54
5857 54
5858 49
5859 33
5860 24
5861 32
5862 41
5863 52
5864 62
5865 63
5866 88
5867 46
5868 44
5869 66
5870 85
5871 103
5872 97
5873 60
5874 85
5875 101
5876 113
5877 22
5878 16
5879 12
5880 23
5881 39
5882 44
5883 40
5884 44
5885 16
5886 36
5887 43
5888 48
5889 49
5890 56
5891 60
5892 63
5893 60
5894 7
5895 20
5896 27
5897 45
5898 44
5899 49
5900 53
5901 68
5902 60
5903 54
5904 53
5905 51
5906 66
5907 61
5908 62
5909 -13
5910 -5
5911 1
5912 13
5913 18
5914 43
5915 63
5916 61
5917 62
5918 28
5919 33
5920 29
5921 30
5922 31
5923 41
5924 40
5925 37
5926 32
5927 19
5928 11
5929 36
5930 17
5931 34
5932 52
5933 71
5934 33
5935 53
5936 61
5937 67
5938 83
5939 58
5940 72
5941 71
5942 85
5943 65
5944 74
5945 65
5946 70
5947 59
5948 52
5949 71
5950 75
5951 63
5952 62
5953 69
5954 41
5955 57
5956 63
5957 48
5958 57
5959 50
5960 39
5961 63
5962 66
5963 59
5964 70
5965 83
5966 80
5967 78
5968 59
5969 69
5970 84
5971 79
5972 96
5973 107
5974 111
5975 49
5976 66
5977 74
5978 66
5979 73
5980 76
5981 12
5982 33
5983 31
5984 34
5985 30
5986 41
5987 58
5988 83
5989 58
5990 59
5991 69
5992 62
5993 57
5994 77
5995 85
5996 18
5997 29
5998 30
5999 22
6000 23
6001 38
6002 40
6003 31
6004 28
6005 45
6006 53
6007 17
6008 8
6009 -2
6010 15
6011 20
6012 16
6013 35
6014 30
6015 29
6016 31
6017 53
6018 40
6019 65
6020 69
6021 70
6022 66
6023 74
6024 68
6025 79
6026 49
6027 49
6028 47
6029 50
6030 71
6031 72
6032 88
6033 57
6034 54
6035 32
6036 30
6037 55
6038 52
6039 22
6040 31
6041 54
6042 64
6043 76
6044 31
6045 51
6046 41
6047 49
6048 42
6049 18
6050 36
6051 27
6052 21
6053 17
6054 35
6055 32
6056 23
6057 41
6058 54
6059 64
6060 79
6061 81
6062 79
6063 58
6064 20
6065 14
6066 21
6067 13
6068 29
6069 41
6070 34
6071 51
6072 49
6073 32
6074 30
6075 41
6076 52
6077 46
6078 42
6079 33
6080 47
6081 48
6082 65
6083 56
6084 64
6085 65
6086 31
6087 56
6088 71
6089 73
6090 75
6091 69
6092 10
6093 30
6094 23
6095 24
6096 18
6097 14
6098 36
6099 31
6100 21
6101 2
6102 15
6103 7
6104 16
6105 33
6106 43
6107 39
6108 57
6109 80
6110 80
6111 73
6112 48
6113 38
6114 48
6115 71
6116 76
6117 67
6118 42
6119 44
6120 43
6121 45
6122 54
6123 44
6124 64
6125 39
6126 30
6127 46
6128 59
6129 77
6130 78
6131 75
6132 25
6133 47
6134 32
6135 37
6136 59
6137 73
6138 84
6139 98
6140 72
6141 94
6142 63
6143 72
6144 51
6145 48
6146 50
6147 51
6148 36
6149 26
6150 32
6151 55
6152 38
6153 34
6154 47
6155 45
6156 68
6157 65
6158 58
6159 54
6160 67
6161 46
6162 40
6163 61
6164 -15
6165 -13
6166 -5
6167 9
6168 30
6169 44
6170 62
6171 75
6172 84
6173 37
6174 43
6175 50
6176 47
6177 50
6178 65
6179 27
6180 20
6181 33
6182 29
6183 47
6184 53
6185 63
6186 60
6187 43
6188 46
6189 58
6190 72
6191 80
6192 72
6193 67
6194 71
6195 66
6196 38
6197 43
6198 34
6199 25
6200 37
6201 43
6202 67
6203 61
6204 72
6205 72
6206 74
6207 62
6208 44
6209 64
6210 88
6211 21
6212 25
6213 26
6214 44
6215 59
6216 61
6217 43
6218 39
6219 6
6220 5
6221 6
6222 -3
6223 -1
6224 23
6225 17
6226 31
6227 29
6228 30
6229 49
6230 44
6231 43
6232 56
6233 53
6234 58
6235 54
6236 58
6237 83
6238 40
6239 41
6240 52
6241 29
6242 42
6243 41
6244 42
6245 38
6246 34
6247 44
6248 -6
6249 4
6250 2
6251 20
6252 43
6253 59
6254 63
6255 64
6256 63
6257 40
6258 33
6259 37
6260 27
6261 28
6262 23
6263 23
6264 28
6265 26
6266 24
6267 37
6268 27
6269 18
6270 24
6271 16
6272 28
6273 36
6274 38
6275 56
6276 58
6277 55
6278 52
6279 61
6280 60
6281 81
6282 84
6283 84
6284 96
6285 73
6286 62
6287 45
6288 66
6289 48
6290 42
6291 20
6292 21
6293 37
6294 36
6295 59
6296 67
6297 64
6298 65
6299 66
6300 77
6301 69
6302 76
6303 89
6304 92
6305 31
6306 38
6307 37
6308 56
6309 16
6310 37
6311 34
6312 54
6313 53
6314 72
6315 63
6316 81
6317 63
6318 48
6319 38
6320 53
6321 64
6322 40
6323 32
6324 40
6325 32
6326 52
6327 58
6328 57
6329 64
6330 58
6331 67
6332 59
6333 64
6334 58
6335 11
6336 19
6337 16
6338 39
6339 34
6340 53
6341 54
6342 76
6343 75
6344 44
6345 24
6346 28
6347 46
6348 9
6349 17
6350 33
6351 27
6352 41
6353 64
6354 55
6355 30
6356 45
6357 59
6358 67
6359 66
6360 72
6361 1
6362 -1
6363 1
6364 2
6365 16
6366 23
6367 41
6368 41
6369 56
6370 61
6371 77
6372 29
6373 51
6374 44
6375 55
6376 53
6377 69
6378 35
6379 46
6380 48
6381 65
6382 71
6383 85
6384 62
6385 39
6386 29
6387 26
6388 35
6389 38
6390 40
6391 41
6392 21
6393 26
6394 16
6395 31
6396 35
6397 39
6398 35
6399 53
6400 50
6401 60
6402 22
6403 25
6404 35
6405 52
6406 63
6407 85
6408 62
6409 64
6410 69
6411 53
6412 61
6413 71
6414 17
6415 36
6416 47
6417 53
6418 52
6419 53
6420 49
6421 72
6422 94
6423 93
6424 106
6425 79
6426 94
6427 115
6428 78
6429 83
6430 44
6431 40
6432 57
6433 61
6434 69
6435 13
6436 34
6437 51
6438 70
6439 44
6440 47
6441 66
6442 77
6443 71
6444 47
6445 44
6446 40
6447 61
6448 67
6449 38
6450 35
6451 25
6452 31
6453 46
6454 47
6455 69
6456 33
6457 37
6458 27
6459 39
6460 30
6461 44
6462 31
6463 32
6464 47
6465 32
6466 37
6467 57
6468 77
6469 98
6470 118
6471 96
6472 55
6473 45
6474 51
6475 42
6476 58
6477 74
6478 71
6479 80
6480 63
6481 47
6482 40
6483 33
6484 23
6485 21
6486 32
6487 23
6488 29
6489 21
6490 13
6491 19
6492 6
6493 7
6494 13
6495 38
6496 52
6497 18
6498 29
6499 49
6500 62
6501 40
6502 -3
6503 7
6504 15
6505 21
6506 22
6507 40
6508 51
6509 48
6510 35
6511 43
6512 41
6513 54
6514 47
6515 54
6516 44
6517 61
6518 55
6519 19
6520 16
6521 36
6522 29
6523 12
6524 23
6525 24
6526 33
6527 27
6528 37
6529 53
6530 32
6531 23
6532 48
6533 50
6534 70
6535 80
6536 95
6537 93
6538 58
6539 83
6540 84
6541 44
6542 57
6543 59
6544 72
6545 48
6546 68
6547 77
6548 71
6549 95
6550 96
6551 97
6552 104
6553 81
6554 71
6555 71
6556 94
6557 24
6558 20
6559 12
6560 25
6561 44
6562 58
6563 46
6564 22
6565 45
6566 56
6567 47
6568 68
6569 33
6570 34
6571 39
6572 33
6573 27
6574 35
6575 28
6576 41
6577 23
6578 24
6579 17
6580 18
6581 11
6582 28
6583 23
6584 46
6585 36
6586 32
6587 48
6588 55
6589 61
6590 62
6591 42
6592 54
6593 53
6594 59
6595 54
6596 55
6597 49
6598 55
6599 61
6600 73
6601 54
6602 62
6603 53
6604 54
6605 53
6606 52
6607 55
6608 59
6609 79
6610 65
6611 84
6612 50
6613 56
6614 46
6615 35
6616 39
6617 40
6618 43
6619 49
6620 62
6621 53
6622 33
6623 41
6624 22
6625 20
6626 32
6627 11
6628 6
6629 1
6630 18
6631 29
6632 33
6633 35
6634 43
6635 51
6636 63
6637 29
6638 20
6639 29
6640 27
6641 29
6642 26
6643 24
6644 21
6645 5
6646 19
6647 10
6648 12
6649 5
6650 -5
6651 11
6652 9
6653 17
6654 13
6655 22
6656 26
6657 20
6658 24
6659 15
6660 40
6661 41
6662 58
6663 83
6664 88
6665 56
6666 79
6667 71
6668 48
6669 39
6670 30
6671 21
6672 41
6673 42
6674 49
6675 70
6676 77
6677 51
6678 21
6679 45
6680 35
6681 36
6682 16
6683 30
6684 22
6685 16
6686 30
6687 46
6688 -2
6689 -7
6690 16
6691 37
6692 43
6693 35
6694 37
6695 38
6696 54
6697 59
6698 39
6699 42
6700 45
6701 -6
6702 17
6703 35
6704 42
6705 20
6706 27
6707 32
6708 37
6709 28
6710 33
6711 47
6712 54
6713 31
6714 46
6715 45
6716 51
6717 32
6718 33
6719 31
6720 45
6721 50
6722 66
6723 80
6724 5
6725 -3
6726 9
6727 1
6728 21
6729 36
6730 51
6731 56
6732 67
6733 63
6734 57
6735 51
6736 58
6737 70
6738 68
6739 57
6740 -2
6741 -12
6742 9
6743 20
6744 12
6745 19
6746 32
6747 56
6748 62
6749 74
6750 27
6751 47
6752 39
6753 30
6754 37
6755 47
6756 54
6757 62
6758 55
6759 35
6760 30
6761 33
6762 34
6763 26
6764 12
6765 -7
6766 7
6767 30
6768 22
6769 21
6770 20
6771 30
6772 43
6773 49
6774 55
6775 60
6776 78
6777 49
6778 48
6779 27
6780 34
6781 52
6782 55
6783 26
6784 30
6785 32
6786 44
6787 36
6788 34
6789 59
6790 36
6791 33
6792 32
6793 46
6794 53
6795 51
6796 50
6797 68
6798 71
6799 70
6800 90
6801 77
6802 42
6803 43
6804 49
6805 71
6806 68
6807 81
6808 27
6809 17
6810 41
6811 46
6812 43
6813 63
6814 46
6815 71
6816 53
6817 46
6818 69
6819 87
6820 91
6821 69
6822 92
6823 93
6824 82
6825 73
6826 41
6827 43
6828 45
6829 49
6830 62
6831 72
6832 46
6833 43
6834 54
6835 48
6836 50
6837 42
6838 48
6839 54
6840 35
6841 27
6842 26
6843 22
6844 38
6845 56
6846 45
6847 42
6848 38
6849 56
6850 58
6851 69
6852 56
6853 44
6854 48
6855 36
6856 35
6857 57
6858 79
6859 64
6860 -18
6861 -15
6862 9
6863 16
6864 28
6865 51
6866 61
6867 19
6868 20
6869 19
6870 17
6871 12
6872 8
6873 29
6874 50
6875 40
6876 47
6877 60
6878 40
6879 50
6880 25
6881 33
6882 35
6883 29
6884 14
6885 30
6886 40
6887 57
6888 70
6889 52
6890 70
6891 61
6892 3
6893 -5
6894 20
6895 30
6896 46
6897 59
6898 58
6899 50
6900 63
6901 33
6902 28
6903 19
6904 36
6905 32
6906 25
6907 22
6908 44
6909 63
6910 50
6911 55
6912 34
6913 32
6914 47
6915 40
6916 34
6917 31
6918 51
6919 63
6920 55
6921 72
6922 73
6923 78
6924 49
6925 42
6926 41
6927 49
6928 39
6929 41
6930 49
6931 37
6932 60
6933 57
6934 20
6935 10
6936 17
6937 39
6938 52
6939 59
6940 61
6941 38
6942 35
6943 46
6944 52
6945 75
6946 80
6947 62
6948 84
6949 106
6950 107
6951 75
6952 76
6953 83
6954 91
6955 -2
6956 10
6957 5
6958 10
6959 33
6960 23
6961 38
6962 55
6963 67
6964 60
6965 18
6966 20
6967 15
6968 29
6969 19
6970 33
6971 48
6972 38
6973 37
6974 57
6975 -4
6976 -3
6977 -4
6978 -10
6979 7
6980 30
6981 31
6982 45
6983 43
6984 23
6985 41
6986 50
6987 42
6988 35
6989 34
6990 35
6991 33
6992 35
6993 51
6994 57
6995 29
6996 30
6997 14
6998 33
6999 -22
7000 -21
7001 -16
7002 -3
7003 2
7004 -4
7005 14
7006 24
7007 46
7008 60
7009 73
7010 46
7011 39
7012 63
7013 75
7014 14
7015 5
7016 21
7017 25
7018 37
7019 27
7020 36
7021 48
7022 32
7023 45
7024 -2
7025 -5
7026 5
7027 0
7028 15
7029 16
7030 22
7031 -31
7032 -19
7033 -1
7034 11
7035 12
7036 8
7037 7
7038 22
7039 14
7040 29
7041 43
7042 40
7043 22
7044 41
7045 56
7046 51
7047 44
7048 49
7049 40
7050 49
7051 73
7052 34
7053 35
7054 23
7055 24
7056 34
7057 34
7058 32
7059 36
7060 5
7061 6
7062 7
7063 19
7064 26
7065 17
7066 39
7067 27
7068 49
7069 19
7070 32
7071 34
7072 43
7073 68
7074 72
7075 80
7076 55
7077 79
7078 44
7079 68
7080 20
7081 43
7082 39
7083 40
7084 55
7085 52
7086 68
7087 66
7088 29
7089 22
7090 34
7091 44
7092 11
7093 29
7094 48
7095 51
7096 47
7097 55
7098 -14
7099 7
7100 -2
7101 10
7102 3
7103 -6
7104 4
7105 13
7106 11
7107 15
7108 8
7109 9
7110 31
7111 41
7112 25
7113 27
7114 38
7115 56
7116 72
7117 46
7118 55
7119 62
7120 63
7121 61
7122 29
7123 26
7124 50
7125 40
7126 30
7127 26
7128 16
7129 8
7130 11
7131 31
7132 32
7133 25
7134 15
7135 17
7136 31
7137 -7
7138 5
7139 29
7140 21
7141 16
7142 10
7143 4
7144 12
7145 21
7146 31
7147 26
7148 37
7149 61
7150 68
7151 75
7152 48
7153 66
7154 39
7155 59
7156 23
7157 24
7158 14
7159 20
7160 13
7161 11
7162 25
7163 28
7164 35
7165 47
7166 15
7167 20
7168 32
7169 39
7170 50
7171 30
7172 46
7173 31
7174 49
7175 10
7176 17
7177 12
7178 17
7179 8
7180 0
7181 9
7182 19
7183 31
7184 32
7185 17
7186 5
7187 18
7188 13
7189 3
7190 9
7191 8
7192 3
7193 4
7194 -5
7195 11
7196 1
7197 16
7198 19
7199 42
7200 8
7201 22
7202 27
7203 35
7204 38
7205 51
7206 -2
7207 -3
7208 19
7209 32
7210 38
7211 17
7212 -18
7213 -17
7214 0
7215 23
7216 32
7217 47
7218 48
7219 41
7220 19
7221 39
7222 46
7223 30
7224 33
7225 30
7226 37
7227 59
7228 71
7229 62
7230 31
7231 30
7232 36
7233 47
7234 -14
7235 -23
7236 -13
7237 -12
7238 -3
7239 18
7240 16
7241 32
7242 49
7243 -6
7244 17
7245 8
7246 23
7247 29
7248 28
7249 52
7250 50
7251 55
7252 0
7253 21
7254 18
7255 22
7256 38
7257 45
7258 51
7259 7
7260 15
7261 21
7262 28
7263 19
7264 43
7265 -9
7266 1
7267 20
7268 -8
7269 -5
7270 -10
7271 -12
7272 0
7273 10
7274 2
7275 -7
7276 8
7277 4
7278 9
7279 31
7280 40
7281 60
7282 24
7283 28
7284 33
7285 40
7286 43
7287 13
7288 3
7289 4
7290 19
7291 26
7292 16
7293 28
7294 37
7295 51
7296 74
7297 60
7298 9
7299 11
7300 12
7301 3
7302 9
7303 32
7304 36
7305 34
7306 45
7307 57
7308 37
7309 44
7310 62
7311 -5
7312 20
7313 21
7314 38
7315 57
7316 -3
7317 -2
7318 1
7319 -9
7320 13
7321 10
7322 33
7323 23
7324 47
7325 41
7326 62
7327 36
7328 31
7329 25
7330 45
7331 42
7332 30
7333 42
7334 41
7335 25
7336 -12
7337 -2
7338 1
7339 -9
7340 -18
7341 -1
7342 3
7343 7
7344 10
7345 -10
7346 15
7347 37
7348 56
7349 2
7350 10
7351 12
7352 33
7353 23
7354 31
7355 26
7356 18
7357 11
7358 26
7359 20
7360 41
7361 33
7362 0
7363 12
7364 25
7365 29
7366 38
7367 36
7368 -16
7369 7
7370 24
7371 20
7372 13
7373 18
7374 36
7375 28
7376 -1
7377 14
7378 26
7379 11
7380 18
7381 12
7382 7
7383 1
7384 -7
7385 0
7386 24
7387 15
7388 7
7389 21
7390 21
7391 42
7392 35
7393 35
7394 9
7395 12
7396 37
7397 42
7398 52
7399 42
7400 55
7401 32
7402 28
7403 41
7404 34
7405 31
7406 34
7407 42
7408 35
7409 33
7410 31
7411 23
7412 32
7413 28
7414 -19
7415 -13
7416 -7
7417 -6
7418 14
7419 31
7420 46
7421 62
7422 31
7423 32
7424 24
7425 44
7426 38
7427 -9
7428 12
7429 17
7430 14
7431 5
7432 20
7433 11
7434 9
7435 32
7436 33
7437 40
7438 35
7439 -3
7440 7
7441 9
7442 25
7443 28
7444 41
7445 32
7446 -2
7447 -1
7448 19
7449 22
7450 12
7451 9
7452 10
7453 34
7454 31
7455 49
7456 47
7457 35
7458 34
7459 -23
7460 -15
7461 5
7462 25
7463 29
7464 50
7465 42
7466 36
7467 34
7468 17
7469 4
7470 9
7471 26
7472 38
7473 15
7474 30
7475 49
7476 40
7477 55
7478 30
7479 23
7480 16
7481 14
7482 26
7483 28
7484 35
7485 38
7486 44
7487 40
7488 36
7489 44
7490 47
7491 38
7492 31
7493 31
7494 37
7495 37
7496 27
7497 2
7498 -7
7499 -7
7500 0
7501 18
7502 26
7503 42
7504 37
7505 33
7506 20
7507 27
7508 48
7509 39
7510 34
7511 30
7512 23
7513 29
7514 30
7515 28
7516 31
7517 56
7518 43
7519 63
7520 67
7521 37
7522 48
7523 9
7524 30
7525 19
7526 17
7527 7
7528 0
7529 13
7530 9
7531 21
7532 16
7533 17
7534 13
7535 14
7536 8
7537 21
7538 44
7539 39
7540 37
7541 13
7542 12
7543 3
7544 13
7545 8
7546 2
7547 9
7548 18
7549 37
7550 43
7551 10
7552 18
7553 25
7554 27
7555 36
7556 37
7557 42
7558 0
7559 14
7560 18
7561 42
7562 25
7563 47
7564 54
7565 61
7566 -4
7567 -11
7568 2
7569 13
7570 27
7571 19
7572 36
7573 34
7574 9
7575 14
7576 2
7577 15
7578 34
7579 2
7580 8
7581 0
7582 1
7583 5
7584 1
7585 21
7586 11
7587 36
7588 36
7589 10
7590 5
7591 2
7592 -6
7593 1
7594 -7
7595 -10
7596 -13
7597 -7
7598 -5
7599 -11
7600 -8
7601 8
7602 -8
7603 7
7604 31
7605 39
7606 3
7607 -6
7608 -13
7609 7
7610 -2
7611 14
7612 28
7613 21
7614 18
7615 13
7616 4
7617 15
7618 13
7619 26
7620 20
7621 22
7622 37
7623 56
7624 80
7625 17
7626 41
7627 20
7628 21
7629 24
7630 41
7631 -5
7632 20
7633 40
7634 44
7635 56
7636 29
7637 28
7638 20
7639 3
7640 1
7641 20
7642 37
7643 8
7644 10
7645 24
7646 20
7647 3
7648 -6
7649 17
7650 9
7651 13
7652 19
7653 18
7654 15
7655 26
7656 19
7657 16
7658 5
7659 8
7660 4
7661 -15
7662 -11
7663 7
7664 21
7665 25
7666 38
7667 26
7668 35
7669 5
7670 11
7671 3
7672 28
7673 49
7674 31
7675 32
7676 38
7677 45
7678 11
7679 21
7680 13
7681 19
7682 32
7683 45
7684 43
7685 51
7686 17
7687 -3
7688 -6
7689 -10
7690 -11
7691 -15
7692 -14
7693 -7
7694 -15
7695 -5
7696 -3
7697 17
7698 30
7699 39
7700 42
7701 23
7702 20
7703 12
7704 7
7705 5
7706 13
7707 19
7708 12
7709 -2
7710 19
7711 41
7712 23
7713 29
7714 33
7715 46
7716 47
7717 53
7718 22
7719 37
7720 0
7721 13
7722 24
7723 39
7724 31
7725 49
7726 56
7727 66
7728 26
7729 21
7730 19
7731 17
7732 22
7733 31
7734 21
7735 9
7736 6
7737 11
7738 34
7739 46
7740 20
7741 42
7742 21
7743 -2
7744 5
7745 22
7746 30
7747 51
7748 74
7749 24
7750 21
7751 13
7752 21
7753 44
7754 21
7755 45
7756 41
7757 40
7758 47
7759 31
7760 27
7761 30
7762 12
7763 19
7764 24
7765 41
7766 45
7767 35
7768 1
7769 24
7770 41
7771 38
7772 29
7773 25
7774 37
7775 34
7776 30
7777 32
7778 33
7779 58
7780 56
7781 14
7782 15
7783 25
7784 38
7785 46
7786 19
7787 16
7788 17
7789 2
7790 13
7791 33
7792 5
7793 14
7794 -2
7795 -12
7796 -15
7797 -13
7798 0
7799 18
7800 10
7801 7
7802 30
7803 43
7804 23
7805 35
7806 26
7807 7
7808 10
7809 6
7810 -17
7811 4
7812 12
7813 6
7814 5
7815 27
7816 28
7817 15
7818 28
7819 40
7820 37
7821 32
7822 4
7823 -18
7824 -6
7825 14
7826 11
7827 2
7828 18
7829 8
7830 16
7831 10
7832 27
7833 31
7834 30
7835 37
7836 55
7837 35
7838 39
7839 6
7840 16
7841 19
7842 9
7843 14
7844 30
7845 24
7846 28
7847 31
7848 47
7849 5
7850 15
7851 4
7852 29
7853 10
7854 6
7855 7
7856 16
7857 35
7858 9
7859 31
7860 0
7861 7
7862 28
7863 14
7864 17
7865 23
7866 40
7867 38
7868 39
7869 24
7870 -14
7871 -16
7872 -9
7873 -12
7874 -11
7875 2
7876 3
7877 3
7878 18
7879 29
7880 30
7881 29
7882 24
7883 -19
7884 -18
7885 -13
7886 -21
7887 -22
7888 -2
7889 1
7890 19
7891 40
7892 37
7893 61
7894 41
7895 64
7896 46
7897 28
7898 24
7899 34
7900 40
7901 20
7902 25
7903 31
7904 25
7905 29
7906 39
7907 30
7908 31
7909 0
7910 23
7911 14
7912 6
7913 9
7914 22
7915 17
7916 34
7917 59
7918 23
7919 36
7920 51
7921 24
7922 9
7923 29
7924 41
7925 26
7926 4
7927 -2
7928 -5
7929 12
7930 10
7931 15
7932 8
7933 6
7934 15
7935 -1
7936 16
7937 12
7938 -4
7939 -14
7940 -5
7941 15
7942 31
7943 3
7944 1
7945 20
7946 15
7947 10
7948 11
7949 12
7950 9
7951 28
7952 43
7953 45
7954 35
7955 59
7956 4
7957 10
7958 0
7959 22
7960 38
7961 10
7962 8
7963 10
7964 4
7965 6
7966 18
7967 25
7968 25
7969 36
7970 27
7971 33
7972 23
7973 32
7974 10
7975 14
7976 10
7977 34
7978 47
7979 27
7980 36
7981 47
7982 26
7983 40
7984 27
7985 38
7986 44
7987 37
7988 32
7989 23
7990 38
7991 33
7992 -3
7993 5
7994 23
7995 18
7996 25
7997 19
7998 23
7999 28
8000 22
8001 32
8002 -20
8003 -29
8004 -15
8005 6
8006 4
8007 26
8008 29
8009 41
8010 55
8011 24
8012 -4
8013 4
8014 -3
8015 1
8016 3
8017 23
8018 29
8019 22
8020 19
8021 31
8022 -20
8023 -30
8024 -35
8025 -21
8026 -1
8027 14
8028 -21
8029 -26
8030 -13
8031 -7
8032 -15
8033 3
8034 23
8035 14
8036 -26
8037 -2
8038 -3
8039 13
8040 2
8041 -8
8042 17
8043 37
8044 2
8045 1
8046 11
8047 2
8048 -7
8049 -12
8050 -1
8051 4
8052 26
8053 30
8054 37
8055 1
8056 7
8057 7
8058 14
8059 13
8060 24
8061 25
8062 27
8063 37
8064 38
8065 -1
8066 -2
8067 5
8068 -3
8069 1
8070 0
8071 7
8072 -22
8073 -11
8074 -13
8075 7
8076 8
8077 14
8078 5
8079 -1
8080 11
8081 18
8082 17
8083 10
8084 11
8085 34
8086 32
8087 31
8088 15
8089 -10
8090 -6
8091 8
8092 22
8093 44
8094 -22
8095 -21
8096 -29
8097 -37
8098 -46
8099 -39
8100 -49
8101 -58
8102 -64
8103 -59
8104 -61
8105 -71
8106 -72
8107 -70
8108 -56
8109 -65
8110 -51
8111 -46
8112 -32
8113 -14
8114 -1
8115 -10
8116 -16
8117 -22
8118 -2
8119 -8
8120 -10
8121 -13
8122 -12
8123 4
8124 -6
8125 -8
8126 -18
8127 -20
8128 -27
8129 -16
8130 -24
8131 0
8132 -8
8133 6
8134 7
8135 10
8136 11
8137 -11
8138 -18
8139 -24
8140 -11
8141 -5
8142 -2
8143 6
8144 11
8145 10
8146 -9
8147 10
8148 11
8149 10
8150 5
8151 -2
8152 18
8153 22
8154 25
8155 31
8156 24
8157 15
8158 -1
8159 -1
8160 21
8161 19
8162 14
8163 20
8164 12
8165 4
8166 28
8167 26
8168 22
8169 42
8170 44
8171 56
8172 60
8173 5
8174 21
8175 35
8176 58
8177 22
8178 30
8179 -3
8180 4
8181 -3
8182 4
8183 21
8184 6
8185 9
8186 -37
8187 -44
8188 -40
8189 -23
8190 -3
8191 -6
8192 -19
8193 -7
8194 16
8195 40
8196 16
8197 23
8198 4
8199 23
8200 6
8201 21
8202 36
8203 37
8204 52
8205 20
8206 10
8207 16
8208 -19
8209 -14
8210 11
8211 22
8212 -3
8213 8
8214 5
8215 14
8216 15
8217 24
8218 18
8219 21
8220 13
8221 16
8222 9
8223 -31
8224 -14
8225 -19
8226 3
8227 6
8228 -2
8229 4
8230 -5
8231 12
8232 16
8233 12
8234 16
8235 18
8236 20
8237 25
8238 27
8239 9
8240 5
8241 0
8242 19
8243 18
8244 21
8245 12
8246 11
8247 5
8248 -2
8249 -2
8250 -1
8251 5
8252 -11
8253 -19
8254 0
8255 -5
8256 8
8257 -1
8258 -9
8259 -4
8260 8
8261 30
8262 25
8263 28
8264 22
8265 24
8266 36
8267 -6
8268 16
8269 15
8270 10
8271 22
8272 7
8273 9
8274 -9
8275 6
8276 4
8277 24
8278 40
8279 60
8280 15
8281 26
8282 33
8283 35
8284 38
8285 44
8286 42
8287 50
8288 48
8289 58
8290 16
8291 28
8292 7
8293 23
8294 28
8295 22
8296 17
8297 7
8298 19
8299 38
8300 19
8301 12
8302 23
8303 8
8304 26
8305 19
8306 23
8307 19
8308 10
8309 34
8310 -30
8311 -32
8312 -31
8313 -24
8314 -31
8315 -15
8316 -8
8317 12
8318 10
8319 6
8320 -4
8321 -7
8322 -15
8323 -17
8324 -26
8325 -29
8326 -7
8327 -3
8328 6
8329 25
8330 21
8331 23
8332 -29
8333 -76
8334 -78
8335 -65
8336 -64
8337 -67
8338 -55
8339 -65
8340 -50
8341 -46
8342 -48
8343 -44
8344 -53
8345 -60
8346 -45
8347 -32
8348 -31
8349 -23
8350 -14
8351 -15
8352 -25
8353 -9
8354 12
8355 31
8356 9
8357 24
8358 22
8359 24
8360 16
8361 20
8362 0
8363 13
8364 4
8365 2
8366 4
8367 8
8368 1
8369 10
8370 4
8371 3
8372 12
8373 10
8374 2
8375 17
8376 16
8377 21
8378 -32
8379 -31
8380 -35
8381 -30
8382 -37
8383 -39
8384 -15
8385 3
8386 -32
8387 -18
8388 -22
8389 -27
8390 -19
8391 -8
8392 -10
8393 14
8394 -9
8395 10
8396 30
8397 -32
8398 -35
8399 -18
8400 -12
8401 -8
8402 -62
8403 -60
8404 -39
8405 -40
8406 -38
8407 -40
8408 -73
8409 -54
8410 -58
8411 -62
8412 -44
8413 -45
8414 -46
8415 -32
8416 -32
8417 -22
8418 -8
8419 -17
8420 -19
8421 2
8422 0
8423 12
8424 9
8425 10
8426 32
8427 30
8428 26
8429 34
8430 27
8431 19
8432 -17
8433 -18
8434 3
8435 -16
8436 -1
8437 -9
8438 -31
8439 -26
8440 -63
8441 -62
8442 -55
8443 -34
8444 -19
8445 -17
8446 -19
8447 -18
8448 -5
8449 -10
8450 0
8451 3
8452 27
8453 40
8454 58
8455 23
8456 14
8457 27
8458 33
8459 54
8460 63
8461 -17
8462 -14
8463 -16
8464 -19
8465 -32
8466 -11
8467 10
8468 34
8469 41
8470 -23
8471 -30
8472 -13
8473 -16
8474 -23
8475 -29
8476 -38
8477 -41
8478 -28
8479 -22
8480 -18
8481 -30
8482 -40
8483 -18
8484 -15
8485 -19
8486 4
8487 4
8488 -4
8489 -36
8490 -12
8491 2
8492 12
8493 -20
8494 -8
8495 7
8496 -4
8497 -11
8498 6
8499 11
8500 6
8501 -40
8502 -49
8503 -44
8504 -33
8505 -23
8506 -13
8507 0
8508 22
8509 14
8510 -2
8511 -7
8512 -11
8513 -5
8514 6
8515 9
8516 20
8517 17
8518 21
8519 9
8520 -64
8521 -66
8522 -68
8523 -43
8524 -27
8525 -11
8526 6
8527 9
8528 -24
8529 -22
8530 -16
8531 -20
8532 -1
8533 13
8534 -63
8535 -72
8536 -48
8537 -35
8538 -28
8539 -32
8540 -38
8541 -41
8542 -29
8543 -37
8544 -37
8545 -36
8546 -42
8547 -46
8548 -41
8549 -37
8550 -18
8551 -8
8552 8
8553 -32
8554 -21
8555 -1
8556 10
8557 0
8558 -5
8559 -55
8560 -32
8561 -50
8562 -60
8563 -67
8564 -42
8565 -36
8566 -43
8567 -46
8568 -54
8569 -32
8570 -26
8571 -36
8572 -33
8573 -25
8574 -15
8575 -22
8576 -24
8577 -23
8578 -18
8579 -12
8580 -15
8581 5
8582 7
8583 18
8584 10
8585 -16
8586 -5
8587 -19
8588 2
8589 17
8590 22
8591 13
8592 4
8593 26
8594 30
8595 19
8596 36
8597 -5
8598 -27
8599 -2
8600 -3
8601 -6
8602 -28
8603 -30
8604 -12
8605 -14
8606 5
8607 -16
8608 -17
8609 -16
8610 -17
8611 -15
8612 -42
8613 -25
8614 -24
8615 -4
8616 -11
8617 -9
8618 12
8619 -10
8620 -5
8621 8
8622 18
8623 7
8624 21
8625 -13
8626 -15
8627 -7
8628 -6
8629 -18
8630 -6
8631 6
8632 -10
8633 12
8634 2
8635 -1
8636 22
8637 20
8638 29
8639 28
8640 29
8641 15
8642 12
8643 -18
8644 -16
8645 -25
8646 -48
8647 -53
8648 -42
8649 -35
8650 -19
8651 -15
8652 -17
8653 -7
8654 -1
8655 -4
8656 -1
8657 -10
8658 -14
8659 -33
8660 -32
8661 -10
8662 -2
8663 0
8664 -16
8665 -14
8666 -12
8667 -11
8668 -1
8669 5
8670 1
8671 26
8672 23
8673 -7
8674 -47
8675 -37
8676 -25
8677 -11
8678 -52
8679 -34
8680 -21
8681 -7
8682 6
8683 -10
8684 10
8685 28
8686 -64
8687 -46
8688 -43
8689 -20
8690 -29
8691 -14
8692 1
8693 3
8694 28
8695 -5
8696 -12
8697 -5
8698 -13
8699 -14
8700 -13
8701 -21
8702 -2
8703 -41
8704 -45
8705 -23
8706 -41
8707 -50
8708 -26
8709 -34
8710 -25
8711 -30
8712 -19
8713 6
8714 -16
8715 -51
8716 -53
8717 -56
8718 -64
8719 -54
8720 -64
8721 -63
8722 -45
8723 -23
8724 -62
8725 -53
8726 -41
8727 -51
8728 -48
8729 -45
8730 -50
8731 -38
8732 -58
8733 -68
8734 -47
8735 -23
8736 -8
8737 -12
8738 -23
8739 -5
8740 3
8741 16
8742 15
8743 11
8744 -7
8745 -29
8746 -36
8747 -46
8748 -40
8749 -32
8750 -42
8751 -27
8752 -11
8753 -8
8754 -37
8755 -28
8756 -8
8757 -11
8758 0
8759 2
8760 3
8761 9
8762 8
8763 -20
8764 1
8765 -9
8766 2
8767 19
8768 9
8769 -35
8770 -14
8771 4
8772 5
8773 -60
8774 -58
8775 -44
8776 -51
8777 -29
8778 -6
8779 11
8780 16
8781 -37
8782 -42
8783 -17
8784 0
8785 4
8786 -48
8787 -29
8788 -19
8789 -21
8790 -22
8791 -11
8792 2
8793 -2
8794 11
8795 -47
8796 -48
8797 -42
8798 -41
8799 -30
8800 -45
8801 -20
8802 3
8803 -1
8804 -42
8805 -44
8806 -22
8807 -20
8808 -57
8809 -58
8810 -56
8811 -46
8812 -56
8813 -44
8814 -35
8815 -12
8816 -17
8817 -27
8818 -11
8819 -10
8820 -24
8821 -19
8822 -25
8823 -18
8824 -10
8825 -13
8826 7
8827 -3
8828 8
8829 3
8830 -7
8831 -54
8832 -52
8833 -50
8834 -27
8835 -20
8836 -6
8837 -15
8838 -39
8839 -57
8840 -35
8841 -14
8842 6
8843 -45
8844 -31
8845 -17
8846 -16
8847 -20
8848 4
8849 8
8850 13
8851 24
8852 22
8853 -77
8854 -66
8855 -73
8856 -48
8857 -38
8858 -23
8859 -12
8860 -3
8861 -12
8862 -27
8863 -13
8864 -18
8865 -28
8866 -31
8867 -36
8868 -17
8869 -15
8870 -8
8871 -18
8872 -26
8873 -2
8874 6
8875 12
8876 2
8877 -31
8878 -40
8879 -39
8880 -30
8881 -11
8882 -10
8883 -8
8884 8
8885 -55
8886 -47
8887 -26
8888 -4
8889 16
8890 34
8891 14
8892 27
8893 34
8894 -33
8895 -29
8896 -49
8897 -25
8898 -23
8899 -33
8900 -9
8901 -17
8902 -64
8903 -74
8904 -83
8905 -77
8906 -56
8907 -43
8908 -35
8909 -24
8910 -23
8911 -33
8912 -41
8913 -27
8914 -9
8915 -19
8916 -3
8917 -6
8918 -5
8919 -14
8920 -26
8921 -5
8922 -26
8923 -29
8924 -26
8925 -60
8926 -36
8927 -27
8928 -73
8929 -48
8930 -34
8931 -54
8932 -29
8933 -30
8934 -16
8935 -18
8936 -20
8937 -19
8938 -18
8939 -40
8940 -25
8941 -12
8942 11
8943 -44
8944 -48
8945 -46
8946 -55
8947 -47
8948 -51
8949 -26
8950 -27
8951 -30
8952 -55
8953 -46
8954 -53
8955 -46
8956 -35
8957 -33
8958 -13
8959 -24
8960 -15
8961 -47
8962 -37
8963 -13
8964 -48
8965 -47
8966 -46
8967 -41
8968 -34
8969 -38
8970 -19
8971 -22
8972 -42
8973 -46
8974 -41
8975 -32
8976 -37
8977 -12
8978 3
8979 1
8980 -26
8981 -17
8982 -12
8983 -13
8984 -15
8985 -14
8986 -10
8987 -13
8988 -4
8989 -42
8990 -32
8991 -35
8992 -44
8993 -24
8994 -51
8995 -43
8996 -49
8997 -40
8998 -37
8999 -45
9000 -51
9001 -39
9002 -40
9003 -53
9004 -36
9005 -29
9006 -39
9007 -45
9008 -25
9009 -56
9010 -51
9011 -56
9012 -31
9013 -7
9014 0
9015 -4
9016 3
9017 8
9018 6
9019 13
9020 -15
9021 -20
9022 -43
9023 -21
9024 -8
9025 -19
9026 -20
9027 -59
9028 -34
9029 -25
9030 -20
9031 -22
9032 -50
9033 -43
9034 -19
9035 -1
9036 7
9037 -3
9038 -10
9039 -31
9040 -29
9041 -18
9042 -31
9043 -33
9044 -47
9045 -54
9046 -46
9047 -45
9048 -44
9049 -36
9050 -45
9051 -21
9052 -29
9053 -29
9054 -36
9055 -42
9056 -45
9057 -44
9058 -30
9059 -10
9060 -26
9061 -5
9062 16
9063 32
9064 -19
9065 -43
9066 -51
9067 -36
9068 -40
9069 -41
9070 -51
9071 -33
9072 -17
9073 -43
9074 -24
9075 -26
9076 -3
9077 -25
9078 -32
9079 -38
9080 -37
9081 -13
9082 -11
9083 -46
9084 -33
9085 -38
9086 -41
9087 -50
9088 -65
9089 -63
9090 -67
9091 -47
9092 -35
9093 -34
9094 -47
9095 -25
9096 -48
9097 -58
9098 -66
9099 -57
9100 -51
9101 -50
9102 -60
9103 -65
9104 -64
9105 -56
9106 -58
9107 -48
9108 -40
9109 -45
9110 -44
9111 -53
9112 -32
9113 -41
9114 -44
9115 -43
9116 -45
9117 -38
9118 -37
9119 -34
9120 -43
9121 -23
9122 -1
9123 -9
9124 -30
9125 -11
9126 -23
9127 -49
9128 -33
9129 -44
9130 -48
9131 -52
9132 -49
9133 -31
9134 -37
9135 -33
9136 -15
9137 -55
9138 -64
9139 -49
9140 -48
9141 -57
9142 -50
9143 -46
9144 -52
9145 -44
9146 -43
9147 -29
9148 -32
9149 -63
9150 -71
9151 -77
9152 -76
9153 -57
9154 -53
9155 -57
9156 -33
9157 -40
9158 -46
9159 -54
9160 -42
9161 -53
9162 -46
9163 -35
9164 -34
9165 -28
9166 -8
9167 -9
9168 -23
9169 -33
9170 -46
9171 -40
9172 -30
9173 -45
9174 -44
9175 -37
9176 -51
9177 -53
9178 -53
9179 -44
9180 -32
9181 -33
9182 -10
9183 9
9184 -59
9185 -53
9186 -52
9187 -57
9188 -47
9189 -46
9190 -52
9191 -50
9192 -77
9193 -55
9194 -44
9195 -51
9196 -53
9197 -30
9198 -47
9199 -55
9200 -41
9201 -43
9202 -34
9203 -49
9204 -57
9205 -61
9206 -54
9207 -42
9208 -45
9209 -28
9210 -12
9211 -17
9212 -52
9213 -36
9214 -31
9215 -36
9216 -30
9217 -53
9218 -46
9219 -34
9220 -42
9221 -41
9222 -58
9223 -66
9224 -48
9225 -40
9226 -22
9227 -13
9228 4
9229 -64
9230 -45
9231 -48
9232 -49
9233 -24
9234 -16
9235 -65
9236 -53
9237 -48
9238 -47
9239 -55
9240 -37
9241 -29
9242 -30
9243 -33
9244 -49
9245 -57
9246 -46
9247 -36
9248 -38
9249 -70
9250 -76
9251 -54
9252 -45
9253 -36
9254 -26
9255 -3
9256 -11
9257 -31
9258 -36
9259 -33
9260 -56
9261 -32
9262 -27
9263 -35
9264 -39
9265 -61
9266 -44
9267 -25
9268 -54
9269 -61
9270 -38
9271 -40
9272 -52
9273 -47
9274 -55
9275 -45
9276 -21
9277 -20
9278 -31
9279 -35
9280 -33
9281 -45
9282 -52
9283 -28
9284 -38
9285 -48
9286 -23
9287 -9
9288 -52
9289 -47
9290 -52
9291 -50
9292 -28
9293 -30
9294 -43
9295 -46
9296 -83
9297 -63
9298 -81
9299 -88
9300 -91
9301 -96
9302 -78
9303 -69
9304 -71
9305 -80
9306 -72
9307 -82
9308 -66
9309 -51
9310 -72
9311 -71
9312 -74
9313 -77
9314 -68
9315 -48
9316 -45
9317 -72
9318 -49
9319 -71
9320 -81
9321 -63
9322 -65
9323 -78
9324 -57
9325 -45
9326 -79
9327 -87
9328 -83
9329 -89
9330 -65
9331 -43
9332 -60
9333 -70
9334 -79
9335 -56
9336 -62
9337 -49
9338 -52
9339 -59
9340 -60
9341 -42
9342 -39
9343 -44
9344 -32
9345 -43
9346 -72
9347 -71
9348 -90
9349 -83
9350 -59
9351 -50
9352 -26
9353 -60
9354 -62
9355 -41
9356 -59
9357 -50
9358 -47
9359 -23
9360 -26
9361 -45
9362 -33
9363 -39
9364 -22
9365 -53
9366 -46
9367 -84
9368 -90
9369 -94
9370 -77
9371 -59
9372 -63
9373 -44
9374 -37
9375 -36
9376 -42
9377 -45
9378 -48
9379 -43
9380 -53
9381 -54
9382 -56
9383 -50
9384 -42
9385 -51
9386 -35
9387 -36
9388 -21
9389 0
9390 -55
9391 -44
9392 -56
9393 -60
9394 -61
9395 -47
9396 -64
9397 -51
9398 -63
9399 -61
9400 -43
9401 -58
9402 -57
9403 -47
9404 -64
9405 -66
9406 -53
9407 -50
9408 -46
9409 -55
9410 -63
9411 -52
9412 -39
9413 -49
9414 -35
9415 -38
9416 -64
9417 -72
9418 -75
9419 -73
9420 -51
9421 -38
9422 -90
9423 -84
9424 -81
9425 -74
9426 -61
9427 -46
9428 -47
9429 -60
9430 -59
9431 -68
9432 -52
9433 -47
9434 -39
9435 -59
9436 -66
9437 -62
9438 -66
9439 -72
9440 -91
9441 -86
9442 -96
9443 -100
9444 -98
9445 -85
9446 -63
9447 -50
9448 -59
9449 -69
9450 -52
9451 -82
9452 -91
9453 -72
9454 -92
9455 -86
9456 -64
9457 -69
9458 -79
9459 -88
9460 -68
9461 -48
9462 -37
9463 -51
9464 -75
9465 -81
9466 -56
9467 -79
9468 -78
9469 -69
9470 -48
9471 -45
9472 -58
9473 -45
9474 -77
9475 -58
9476 -68
9477 -66
9478 -56
9479 -41
9480 -34
9481 -51
9482 -55
9483 -51
9484 -59
9485 -83
9486 -70
9487 -69
9488 -60
9489 -58
9490 -73
9491 -62
9492 -55
9493 -57
9494 -47
9495 -40
9496 -39
9497 -15
9498 -65
9499 -64
9500 -40
9501 -65
9502 -57
9503 -63
9504 -48
9505 -40
9506 -37
9507 -35
9508 -74
9509 -77
9510 -78
9511 -53
9512 -58
9513 -41
9514 -42
9515 -63
9516 -55
9517 -58
9518 -40
9519 -73
9520 -71
9521 -69
9522 -54
9523 -63
9524 -46
9525 -50
9526 -56
9527 -35
9528 -83
9529 -84
9530 -82
9531 -65
9532 -60
9533 -47
9534 -72
9535 -75
9536 -79
9537 -64
9538 -71
9539 -70
9540 -78
9541 -55
9542 -52
9543 -41
9544 -37
9545 -67
9546 -50
9547 -44
9548 -30
9549 -56
9550 -59
9551 -54
9552 -57
9553 -62
9554 -70
9555 -63
9556 -43
9557 -21
9558 -24
9559 -53
9560 -49
9561 -72
9562 -82
9563 -88
9564 -97
9565 -96
9566 -98
9567 -83
9568 -67
9569 -64
9570 -86
9571 -81
9572 -85
9573 -72
9574 -76
9575 -74
9576 -91
9577 -70
9578 -52
9579 -41
9580 -43
9581 -67
9582 -70
9583 -69
9584 -59
9585 -79
9586 -71
9587 -48
9588 -54
9589 -64
9590 -73
9591 -68
9592 -78
9593 -59
9594 -52
9595 -68
9596 -60
9597 -86
9598 -79
9599 -65
9600 -50
9601 -57
9602 -73
9603 -70
9604 -80
9605 -69
9606 -47
9607 -25
9608 -105
9609 -101
9610 -100
9611 -105
9612 -110
9613 -97
9614 -107
9615 -84
9616 -85
9617 -83
9618 -94
9619 -80
9620 -87
9621 -81
9622 -88
9623 -79
9624 -85
9625 -95
9626 -104
9627 -100
9628 -110
9629 -99
9630 -91
9631 -83
9632 -104
9633 -95
9634 -102
9635 -89
9636 -94
9637 -103
9638 -82
9639 -88
9640 -70
9641 -67
9642 -72
9643 -80
9644 -75
9645 -72
9646 -95
9647 -104
9648 -91
9649 -87
9650 -68
9651 -46
9652 -46
9653 -78
9654 -72
9655 -69
9656 -68
9657 -77
9658 -64
9659 -41
9660 -102
9661 -106
9662 -95
9663 -89
9664 -97
9665 -105
9666 -98
9667 -79
9668 -66
9669 -61
9670 -87
9671 -91
9672 -88
9673 -80
9674 -79
9675 -88
9676 -78
9677 -92
9678 -96
9679 -95
9680 -93
9681 -98
9682 -97
9683 -88
9684 -93
9685 -94
9686 -104
9687 -91
9688 -71
9689 -75
9690 -82
9691 -72
9692 -68
9693 -50
9694 -79
9695 -78
9696 -77
9697 -64
9698 -74
9699 -74
9700 -102
9701 -101
9702 -93
9703 -103
9704 -110
9705 -90
9706 -85
9707 -82
9708 -73
9709 -67
9710 -74
9711 -81
9712 -83
9713 -80
9714 -91
9715 -82
9716 -88
9717 -71
9718 -62
9719 -42
9720 -89
9721 -97
9722 -82
9723 -97
9724 -84
9725 -92
9726 -79
9727 -65
9728 -66
9729 -112
9730 -116
9731 -106
9732 -102
9733 -78
9734 -86
9735 -93
9736 -96
9737 -90
9738 -107
9739 -114
9740 -99
9741 -88
9742 -69
9743 -82
9744 -120
9745 -112
9746 -88
9747 -87
9748 -89
9749 -79
9750 -89
9751 -85
9752 -76
9753 -112
9754 -111
9755 -107
9756 -106
9757 -90
9758 -80
9759 -90
9760 -86
9761 -78
9762 -74
9763 -97
9764 -96
9765 -102
9766 -104
9767 -99
9768 -98
9769 -108
9770 -91
9771 -69
9772 -87
9773 -87
9774 -116
9775 -118
9776 -95
9777 -94
9778 -89
9779 -119
9780 -105
9781 -110
9782 -115
9783 -119
9784 -129
9785 -128
9786 -110
9787 -119
9788 -127
9789 -110
9790 -87
9791 -64
9792 -44
9793 -76
9794 -100
9795 -99
9796 -88
9797 -90
9798 -79
9799 -78
9800 -84
9801 -90
9802 -97
9803 -133
9804 -132
9805 -110
9806 -119
9807 -118
9808 -124
9809 -125
9810 -135
9811 -134
9812 -129
9813 -131
9814 -130
9815 -118
9816 -115
9817 -115
9818 -125
9819 -135
9820 -116
9821 -109
9822 -108
9823 -110
9824 -117
9825 -137
9826 -118
9827 -110
9828 -135
9829 -140
9830 -133
9831 -122
9832 -118
9833 -117
9834 -143
9835 -144
9836 -135
9837 -138
9838 -128
9839 -126
9840 -123
9841 -112
9842 -125
9843 -109
9844 -116
9845 -123
9846 -132
9847 -119
9848 -117
9849 -93
9850 -116
9851 -113
9852 -123
9853 -101
9854 -112
9855 -134
9856 -132
9857 -131
9858 -140
9859 -139
9860 -124
9861 -122
9862 -108
9863 -115
9864 -123
9865 -121
9866 -119
9867 -138
9868 -140
9869 -126
9870 -115
9871 -106
9872 -127
9873 -113
9874 -116
9875 -106
9876 -111
9877 -128
9878 -114
9879 -122
9880 -99
9881 -135
9882 -129
9883 -125
9884 -109
9885 -112
9886 -111
9887 -116
9888 -115
9889 -134
9890 -125
9891 -121
9892 -97
9893 -101
9894 -114
9895 -118
9896 -108
9897 -118
9898 -134
9899 -128
9900 -126
9901 -122
9902 -123
9903 -99
9904 -101
9905 -111
9906 -123
9907 -122
9908 -137
9909 -142
9910 -125
9911 -127
9912 -117
9913 -111
9914 -132
9915 -133
9916 -124
9917 -113
9918 -120
9919 -117
9920 -95
9921 -128
9922 -110
9923 -140
9924 -124
9925 -109
9926 -119
9927 -106
9928 -123
9929 -126
9930 -121
9931 -136
9932 -121
9933 -115
9934 -133
9935 -138
9936 -113
9937 -113
9938 -135
9939 -134
9940 -138
9941 -118
9942 -101
9943 -125
9944 -135
9945 -118
9946 -139
9947 -143
9948 -136
9949 -143
9950 -141
9951 -144
9952 -147
9953 -127
9954 -116
9955 -144
9956 -123
9957 -129
9958 -130
9959 -148
9960 -147
9961 -126
9962 -121
9963 -136
9964 -144
9965 -152
9966 -139
9967 -137
9968 -136
9969 -114
9970 -150
9971 -141
9972 -118
9973 -145
9974 -131
9975 -149
9976 -141
9977 -135
9978 -152
9979 -149
9980 -156
9981 -151
9982 -140
9983 -156
9984 -142
9985 -134
9986 -132
9987 -146
9988 -166
9989 -156
9990 -160
9991 -150
9992 -157
9993 -163
9994 -168
9995 -172
9996 -165
9997 -163
9998 -171
9999 -168
Negative cycle: none
Execution time: 1.047035 ms
