Algorithm: Greedy Vertex Coloring
Vertex colors:
0 0
1 1
2 2
3 3
4 0
5 1
6 2
7 3
8 0
9 1
10 2
11 3
12 0
13 1
14 2
15 3
16 0
17 1
18 2
19 3
20 0
21 1
22 2
23 3
24 0
25 1
26 2
27 3
28 0
29 1
30 2
31 3
32 0
33 1
34 2
35 3
36 0
37 1
38 2
39 3
40 0
41 1
42 2
43 3
44 0
45 1
46 2
47 3
48 0
49 1
50 2
51 3
52 0
53 1
54 2
55 3
56 0
57 1
58 2
59 3
60 0
61 1
62 2
63 3
64 0
65 1
66 2
67 3
68 0
69 1
70 2
71 3
72 0
73 1
74 2
75 3
76 0
77 1
78 2
79 3
80 0
81 1
82 2
83 3
84 0
85 1
86 2
87 3
88 0
89 1
90 2
91 3
92 0
93 1
94 2
95 3
96 0
97 1
98 2
99 3
100 0
101 1
102 2
103 3
104 0
105 1
106 2
107 3
108 0
109 1
110 2
111 3
112 0
113 1
114 2
115 3
116 0
117 1
118 2
119 3
120 0
121 1
122 2
123 3
124 0
125 1
126 2
127 3
128 0
129 1
130 2
131 3
132 0
133 1
134 2
135 3
136 0
137 1
138 2
139 3
140 0
141 1
142 2
143 3
144 0
145 1
146 2
147 3
148 0
149 1
150 2
151 3
152 0
153 1
154 2
155 3
156 0
157 1
158 2
159 3
160 0
161 1
162 2
163 3
164 0
165 1
166 2
167 3
168 0
169 1
170 2
171 3
172 0
173 1
174 2
175 3
176 0
177 1
178 2
179 3
180 0
181 1
182 2
183 3
184 0
185 1
186 2
187 3
188 0
189 1
190 2
191 3
192 0
193 1
194 2
195 3
196 0
197 1
198 2
199 3
200 0
201 1
202 2
203 3
204 0
205 1
206 2
207 3
208 0
209 1
210 2
211 3
212 0
213 1
214 2
215 3
216 0
217 1
218 2
219 3
220 0
221 1
222 2
223 3
224 0
225 1
226 2
227 3
228 0
229 1
230 2
231 3
232 0
233 1
234 2
235 3
236 0
237 1
238 2
239 3
240 0
241 1
242 2
243 3
244 0
245 1
246 2
247 3
248 0
249 1
250 2
251 3
252 0
253 1
254 2
255 3
256 0
257 1
258 2
259 3
260 0
261 1
262 2
263 3
264 0
265 1
266 2
267 3
268 0
269 1
270 2
271 3
272 0
273 1
274 2
275 3
276 0
277 1
278 2
279 3
280 0
281 1
282 2
283 3
284 0
285 1
286 2
287 3
288 0
289 1
290 2
291 3
292 0
293 1
294 2
295 3
296 0
297 1
298 2
299 3
300 0
301 1
302 2
303 3
304 0
305 1
306 2
307 3
308 0
309 1
310 2
311 3
312 0
313 1
314 2
315 3
316 0
317 1
318 2
319 3
320 0
321 1
322 2
323 3
324 0
325 1
326 2
327 3
328 0
329 1
330 2
331 3
332 0
333 1
334 2
335 3
336 0
337 1
338 2
339 3
340 0
341 1
342 2
343 3
344 0
345 1
346 2
347 3
348 0
349 1
350 2
351 3
352 0
353 1
354 2
355 3
356 0
357 1
358 2
359 3
360 0
361 1
362 2
363 3
364 0
365 1
366 2
367 3
368 0
369 1
370 2
371 3
372 0
373 1
374 2
375 3
376 0
377 1
378 2
379 3
380 0
381 1
382 2
383 3
384 0
385 1
386 2
387 3
388 0
389 1
390 2
391 3
392 0
393 1
394 2
395 3
396 0
397 1
398 2
399 3
400 0
401 1
402 2
403 3
404 0
405 1
406 2
407 3
408 0
409 1
410 2
411 3
412 0
413 1
414 2
415 3
416 0
417 1
418 2
419 3
420 0
421 1
422 2
423 3
424 0
425 1
426 2
427 3
428 0
429 1
430 2
431 3
432 0
433 1
434 2
435 3
436 0
437 1
438 2
439 3
440 0
441 1
442 2
443 3
444 0
445 1
446 2
447 3
448 0
449 1
450 2
451 3
452 0
453 1
454 2
455 3
456 0
457 1
458 2
459 3
460 0
461 1
462 2
463 3
464 0
465 1
466 2
467 3
468 0
469 1
470 2
471 3
472 0
473 1
474 2
475 3
476 0
477 1
478 2
479 3
480 0
481 1
482 2
483 3
484 0
485 1
486 2
487 3
488 0
489 1
490 2
491 3
492 0
493 1
494 2
495 3
496 0
497 1
498 2
499 3
500 0
501 1
502 2
503 3
504 0
505 1
506 2
507 3
508 0
509 1
510 2
511 3
512 0
513 1
514 2
515 3
516 0
517 1
518 2
519 3
520 0
521 1
522 2
523 3
524 0
525 1
526 2
527 3
528 0
529 1
530 2
531 3
532 0
533 1
534 2
535 3
536 0
537 1
538 2
539 3
540 0
541 1
542 2
543 3
544 0
545 1
546 2
547 3
548 0
549 1
550 2
551 3
552 0
553 1
554 2
555 3
556 0
557 1
558 2
559 3
560 0
561 1
562 2
563 3
564 0
565 1
566 2
567 3
568 0
569 1
570 2
571 3
572 0
573 1
574 2
575 3
576 0
577 1
578 2
579 3
580 0
581 1
582 2
583 3
584 0
585 1
586 2
587 3
588 0
589 1
590 2
591 3
592 0
593 1
594 2
595 3
596 0
597 1
598 2
599 3
600 0
601 1
602 2
603 3
604 0
605 1
606 2
607 3
608 0
609 1
610 2
611 3
612 0
613 1
614 2
615 3
616 0
617 1
618 2
619 3
620 0
621 1
622 2
623 3
624 0
625 1
626 2
627 3
628 0
629 1
630 2
631 3
632 0
633 1
634 2
635 3
636 0
637 1
638 2
639 3
640 0
641 1
642 2
643 3
644 0
645 1
646 2
647 3
648 0
649 1
650 2
651 3
652 0
653 1
654 2
655 3
656 0
657 1
658 2
659 3
660 0
661 1
662 2
663 3
664 0
665 1
666 2
667 3
668 0
669 1
670 2
671 3
672 0
673 1
674 2
675 3
676 0
677 1
678 2
679 3
680 0
681 1
682 2
683 3
684 0
685 1
686 2
687 3
688 0
689 1
690 2
691 3
692 0
693 1
694 2
695 3
696 0
697 1
698 2
699 3
700 0
701 1
702 2
703 3
704 0
705 1
706 2
707 3
708 0
709 1
710 2
711 3
712 0
713 1
714 2
715 3
716 0
717 1
718 2
719 3
720 0
721 1
722 2
723 3
724 0
725 1
726 2
727 3
728 0
729 1
730 2
731 3
732 0
733 1
734 2
735 3
736 0
737 1
738 2
739 3
740 0
741 1
742 2
743 3
744 0
745 1
746 2
747 3
748 0
749 1
750 2
751 3
752 0
753 1
754 2
755 3
756 0
757 1
758 2
759 3
760 0
761 1
762 2
763 3
764 0
765 1
766 2
767 3
768 0
769 1
770 2
771 3
772 0
773 1
774 2
775 3
776 0
777 1
778 2
779 3
780 0
781 1
782 2
783 3
784 0
785 1
786 2
787 3
788 0
789 1
790 2
791 3
792 0
793 1
794 2
795 3
796 0
797 1
798 2
799 3
800 0
801 1
802 2
803 3
804 0
805 1
806 2
807 3
808 0
809 1
810 2
811 3
812 0
813 1
814 2
815 3
816 0
817 1
818 2
819 3
820 0
821 1
822 2
823 3
824 0
825 1
826 2
827 3
828 0
829 1
830 2
831 3
832 0
833 1
834 2
835 3
836 0
837 1
838 2
839 3
840 0
841 1
842 2
843 3
844 0
845 1
846 2
847 3
848 0
849 1
850 2
851 3
852 0
853 1
854 2
855 3
856 0
857 1
858 2
859 3
860 0
861 1
862 2
863 3
864 0
865 1
866 2
867 3
868 0
869 1
870 2
871 3
872 0
873 1
874 2
875 3
876 0
877 1
878 2
879 3
880 0
881 1
882 2
883 3
884 0
885 1
886 2
887 3
888 0
889 1
890 2
891 3
892 0
893 1
894 2
895 3
896 0
897 1
898 2
899 3
900 0
901 1
902 2
903 3
904 0
905 1
906 2
907 3
908 0
909 1
910 2
911 3
912 0
913 1
914 2
915 3
916 0
917 1
918 2
919 3
920 0
921 1
922 2
923 3
924 0
925 1
926 2
927 3
928 0
929 1
930 2
931 3
932 0
933 1
934 2
935 3
936 0
937 1
938 2
939 3
940 0
941 1
942 2
943 3
944 0
945 1
946 2
947 3
948 0
949 1
950 2
951 3
952 0
953 1
954 2
955 3
956 0
957 1
958 2
959 3
960 0
961 1
962 2
963 3
964 0
965 1
966 2
967 3
968 0
969 1
970 2
971 3
972 0
973 1
974 2
975 3
976 0
977 1
978 2
979 3
980 0
981 1
982 2
983 3
984 0
985 1
986 2
987 3
988 0
989 1
990 2
991 3
992 0
993 1
994 2
995 3
996 0
997 1
998 2
999 3
1000 0
1001 1
1002 2
1003 3
1004 0
1005 1
1006 2
1007 3
1008 0
1009 1
1010 2
1011 3
1012 0
1013 1
1014 2
1015 3
1016 0
1017 1
1018 2
1019 3
1020 0
1021 1
1022 2
1023 3
1024 0
1025 1
1026 2
1027 3
1028 0
1029 1
1030 2
1031 3
1032 0
1033 1
1034 2
1035 3
1036 0
1037 1
1038 2
1039 3
1040 0
1041 1
1042 2
1043 3
1044 0
1045 1
1046 2
1047 3
1048 0
1049 1
1050 2
1051 3
1052 0
1053 1
1054 2
1055 3
1056 0
1057 1
1058 2
1059 3
1060 0
1061 1
1062 2
1063 3
1064 0
1065 1
1066 2
1067 3
1068 0
1069 1
1070 2
1071 3
1072 0
1073 1
1074 2
1075 3
1076 0
1077 1
1078 2
1079 3
1080 0
1081 1
1082 2
1083 3
1084 0
1085 1
1086 2
1087 3
1088 0
1089 1
1090 2
1091 3
1092 0
1093 1
1094 2
1095 3
1096 0
1097 1
1098 2
1099 3
1100 0
1101 1
1102 2
1103 3
1104 0
1105 1
1106 2
1107 3
1108 0
1109 1
1110 2
1111 3
1112 0
1113 1
1114 2
1115 3
1116 0
1117 1
1118 2
1119 3
1120 0
1121 1
1122 2
1123 3
1124 0
1125 1
1126 2
1127 3
1128 0
1129 1
1130 2
1131 3
1132 0
1133 1
1134 2
1135 3
1136 0
1137 1
1138 2
1139 3
1140 0
1141 1
1142 2
1143 3
1144 0
1145 1
1146 2
1147 3
1148 0
1149 1
1150 2
1151 3
1152 0
1153 1
1154 2
1155 3
1156 0
1157 1
1158 2
1159 3
1160 0
1161 1
1162 2
1163 3
1164 0
1165 1
1166 2
1167 3
1168 0
1169 1
1170 2
1171 3
1172 0
1173 1
1174 2
1175 3
1176 0
1177 1
1178 2
1179 3
1180 0
1181 1
1182 2
1183 3
1184 0
1185 1
1186 2
1187 3
1188 0
1189 1
1190 2
1191 3
1192 0
1193 1
1194 2
1195 3
1196 0
1197 1
1198 2
1199 3
1200 0
1201 1
1202 2
1203 3
1204 0
1205 1
1206 2
1207 3
1208 0
1209 1
1210 2
1211 3
1212 0
1213 1
1214 2
1215 3
1216 0
1217 1
1218 2
1219 3
1220 0
1221 1
1222 2
1223 3
1224 0
1225 1
1226 2
1227 3
1228 0
1229 1
1230 2
1231 3
1232 0
1233 1
1234 2
1235 3
1236 0
1237 1
1238 2
1239 3
1240 0
1241 1
1242 2
1243 3
1244 0
1245 1
1246 2
1247 3
1248 0
1249 1
1250 2
1251 3
1252 0
1253 1
1254 2
1255 3
1256 0
1257 1
1258 2
1259 3
1260 0
1261 1
1262 2
1263 3
1264 0
1265 1
1266 2
1267 3
1268 0
1269 1
1270 2
1271 3
1272 0
1273 1
1274 2
1275 3
1276 0
1277 1
1278 2
1279 3
1280 0
1281 1
1282 2
1283 3
1284 0
1285 1
1286 2
1287 3
1288 0
1289 1
1290 2
1291 3
1292 0
1293 1
1294 2
1295 3
1296 0
1297 1
1298 2
1299 3
1300 0
1301 1
1302 2
1303 3
1304 0
1305 1
1306 2
1307 3
1308 0
1309 1
1310 2
1311 3
1312 0
1313 1
1314 2
1315 3
1316 0
1317 1
1318 2
1319 3
1320 0
1321 1
1322 2
1323 3
1324 0
1325 1
1326 2
1327 3
1328 0
1329 1
1330 2
1331 3
1332 0
1333 1
1334 2
1335 3
1336 0
1337 1
1338 2
1339 3
1340 0
1341 1
1342 2
1343 3
1344 0
1345 1
1346 2
1347 3
1348 0
1349 1
1350 2
1351 3
1352 0
1353 1
1354 2
1355 3
1356 0
1357 1
1358 2
1359 3
1360 0
1361 1
1362 2
1363 3
1364 0
1365 1
1366 2
1367 3
1368 0
1369 1
1370 2
1371 3
1372 0
1373 1
1374 2
1375 3
1376 0
1377 1
1378 2
1379 3
1380 0
1381 1
1382 2
1383 3
1384 0
1385 1
1386 2
1387 3
1388 0
1389 1
1390 2
1391 3
1392 0
1393 1
1394 2
1395 3
1396 0
1397 1
1398 2
1399 3
1400 0
1401 1
1402 2
1403 3
1404 0
1405 1
1406 2
1407 3
1408 0
1409 1
1410 2
1411 3
1412 0
1413 1
1414 2
1415 3
1416 0
1417 1
1418 2
1419 3
1420 0
1421 1
1422 2
1423 3
1424 0
1425 1
1426 2
1427 3
1428 0
1429 1
1430 2
1431 3
1432 0
1433 1
1434 2
1435 3
1436 0
1437 1
1438 2
1439 3
1440 0
1441 1
1442 2
1443 3
1444 0
1445 1
1446 2
1447 3
1448 0
1449 1
1450 2
1451 3
1452 0
1453 1
1454 2
1455 3
1456 0
1457 1
1458 2
1459 3
1460 0
1461 1
1462 2
1463 3
1464 0
1465 1
1466 2
1467 3
1468 0
1469 1
1470 2
1471 3
1472 0
1473 1
1474 2
1475 3
1476 0
1477 1
1478 2
1479 3
1480 0
1481 1
1482 2
1483 3
1484 0
1485 1
1486 2
1487 3
1488 0
1489 1
1490 2
1491 3
1492 0
1493 1
1494 2
1495 3
1496 0
1497 1
1498 2
1499 3
1500 0
1501 1
1502 2
1503 3
1504 0
1505 1
1506 2
1507 3
1508 0
1509 1
1510 2
1511 3
1512 0
1513 1
1514 2
1515 3
1516 0
1517 1
1518 2
1519 3
1520 0
1521 1
1522 2
1523 3
1524 0
1525 1
1526 2
1527 3
1528 0
1529 1
1530 2
1531 3
1532 0
1533 1
1534 2
1535 3
1536 0
1537 1
1538 2
1539 3
1540 0
1541 1
1542 2
1543 3
1544 0
1545 1
1546 2
1547 3
1548 0
1549 1
1550 2
1551 3
1552 0
1553 1
1554 2
1555 3
1556 0
1557 1
1558 2
1559 3
1560 0
1561 1
1562 2
1563 3
1564 0
1565 1
1566 2
1567 3
1568 0
1569 1
1570 2
1571 3
1572 0
1573 1
1574 2
1575 3
1576 0
1577 1
1578 2
1579 3
1580 0
1581 1
1582 2
1583 3
1584 0
1585 1
1586 2
1587 3
1588 0
1589 1
1590 2
1591 3
1592 0
1593 1
1594 2
1595 3
1596 0
1597 1
1598 2
1599 3
1600 0
1601 1
1602 2
1603 3
1604 0
1605 1
1606 2
1607 3
1608 0
1609 1
1610 2
1611 3
1612 0
1613 1
1614 2
1615 3
1616 0
1617 1
1618 2
1619 3
1620 0
1621 1
1622 2
1623 3
1624 0
1625 1
1626 2
1627 3
1628 0
1629 1
1630 2
1631 3
1632 0
1633 1
1634 2
1635 3
1636 0
1637 1
1638 2
1639 3
1640 0
1641 1
1642 2
1643 3
1644 0
1645 1
1646 2
1647 3
1648 0
1649 1
1650 2
1651 3
1652 0
1653 1
1654 2
1655 3
1656 0
1657 1
1658 2
1659 3
1660 0
1661 1
1662 2
1663 3
1664 0
1665 1
1666 2
1667 3
1668 0
1669 1
1670 2
1671 3
1672 0
1673 1
1674 2
1675 3
1676 0
1677 1
1678 2
1679 3
1680 0
1681 1
1682 2
1683 3
1684 0
1685 1
1686 2
1687 3
1688 0
1689 1
1690 2
1691 3
1692 0
1693 1
1694 2
1695 3
1696 0
1697 1
1698 2
1699 3
1700 0
1701 1
1702 2
1703 3
1704 0
1705 1
1706 2
1707 3
1708 0
1709 1
1710 2
1711 3
1712 0
1713 1
1714 2
1715 3
1716 0
1717 1
1718 2
1719 3
1720 0
1721 1
1722 2
1723 3
1724 0
1725 1
1726 2
1727 3
1728 0
1729 1
1730 2
1731 3
1732 0
1733 1
1734 2
1735 3
1736 0
1737 1
1738 2
1739 3
1740 0
1741 1
1742 2
1743 3
1744 0
1745 1
1746 2
1747 3
1748 0
1749 1
1750 2
1751 3
1752 0
1753 1
1754 2
1755 3
1756 0
1757 1
1758 2
1759 3
1760 0
1761 1
1762 2
1763 3
1764 0
1765 1
1766 2
1767 3
1768 0
1769 1
1770 2
1771 3
1772 0
1773 1
1774 2
1775 3
1776 0
1777 1
1778 2
1779 3
1780 0
1781 1
1782 2
1783 3
1784 0
1785 1
1786 2
1787 3
1788 0
1789 1
1790 2
1791 3
1792 0
1793 1
1794 2
1795 3
1796 0
1797 1
1798 2
1799 3
1800 0
1801 1
1802 2
1803 3
1804 0
1805 1
1806 2
1807 3
1808 0
1809 1
1810 2
1811 3
1812 0
1813 1
1814 2
1815 3
1816 0
1817 1
1818 2
1819 3
1820 0
1821 1
1822 2
1823 3
1824 0
1825 1
1826 2
1827 3
1828 0
1829 1
1830 2
1831 3
1832 0
1833 1
1834 2
1835 3
1836 0
1837 1
1838 2
1839 3
1840 0
1841 1
1842 2
1843 3
1844 0
1845 1
1846 2
1847 3
1848 0
1849 1
1850 2
1851 3
1852 0
1853 1
1854 2
1855 3
1856 0
1857 1
1858 2
1859 3
1860 0
1861 1
1862 2
1863 3
1864 0
1865 1
1866 2
1867 3
1868 0
1869 1
1870 2
1871 3
1872 0
1873 1
1874 2
1875 3
1876 0
1877 1
1878 2
1879 3
1880 0
1881 1
1882 2
1883 3
1884 0
1885 1
1886 2
1887 3
1888 0
1889 1
1890 2
1891 3
1892 0
1893 1
1894 2
1895 3
1896 0
1897 1
1898 2
1899 3
1900 0
1901 1
1902 2
1903 3
1904 0
1905 1
1906 2
1907 3
1908 0
1909 1
1910 2
1911 3
1912 0
1913 1
1914 2
1915 3
1916 0
1917 1
1918 2
1919 3
1920 0
1921 1
1922 2
1923 3
1924 0
1925 1
1926 2
1927 3
1928 0
1929 1
1930 2
1931 3
1932 0
1933 1
1934 2
1935 3
1936 0
1937 1
1938 2
1939 3
1940 0
1941 1
1942 2
1943 3
1944 0
1945 1
1946 2
1947 3
1948 0
1949 1
1950 2
1951 3
1952 0
1953 1
1954 2
1955 3
1956 0
1957 1
1958 2
1959 3
1960 0
1961 1
1962 2
1963 3
1964 0
1965 1
1966 2
1967 3
1968 0
1969 1
1970 2
1971 3
1972 0
1973 1
1974 2
1975 3
1976 0
1977 1
1978 2
1979 3
1980 0
1981 1
1982 2
1983 3
1984 0
1985 1
1986 2
1987 3
1988 0
1989 1
1990 2
1991 3
1992 0
1993 1
1994 2
1995 3
1996 0
1997 1
1998 2
1999 3
2000 0
2001 1
2002 2
2003 3
2004 0
2005 1
2006 2
2007 3
2008 0
2009 1
2010 2
2011 3
2012 0
2013 1
2014 2
2015 3
2016 0
2017 1
2018 2
2019 3
2020 0
2021 1
2022 2
2023 3
2024 0
2025 1
2026 2
2027 3
2028 0
2029 1
2030 2
2031 3
2032 0
2033 1
2034 2
2035 3
2036 0
2037 1
2038 2
2039 3
2040 0
2041 1
2042 2
2043 3
2044 0
2045 1
2046 2
2047 3
2048 0
2049 1
2050 2
2051 3
2052 0
2053 1
2054 2
2055 3
2056 0
2057 1
2058 2
2059 3
2060 0
2061 1
2062 2
2063 3
2064 0
2065 1
2066 2
2067 3
2068 0
2069 1
2070 2
2071 3
2072 0
2073 1
2074 2
2075 3
2076 0
2077 1
2078 2
2079 3
2080 0
2081 1
2082 2
2083 3
2084 0
2085 1
2086 2
2087 3
2088 0
2089 1
2090 2
2091 3
2092 0
2093 1
2094 2
2095 3
2096 0
2097 1
2098 2
2099 3
2100 0
2101 1
2102 2
2103 3
2104 0
2105 1
2106 2
2107 3
2108 0
2109 1
2110 2
2111 3
2112 0
2113 1
2114 2
2115 3
2116 0
2117 1
2118 2
2119 3
2120 0
2121 1
2122 2
2123 3
2124 0
2125 1
2126 2
2127 3
2128 0
2129 1
2130 2
2131 3
2132 0
2133 1
2134 2
2135 3
2136 0
2137 1
2138 2
2139 3
2140 0
2141 1
2142 2
2143 3
2144 0
2145 1
2146 2
2147 3
2148 0
2149 1
2150 2
2151 3
2152 0
2153 1
2154 2
2155 3
2156 0
2157 1
2158 2
2159 3
2160 0
2161 1
2162 2
2163 3
2164 0
2165 1
2166 2
2167 3
2168 0
2169 1
2170 2
2171 3
2172 0
2173 1
2174 2
2175 3
2176 0
2177 1
2178 2
2179 3
2180 0
2181 1
2182 2
2183 3
2184 0
2185 1
2186 2
2187 3
2188 0
2189 1
2190 2
2191 3
2192 0
2193 1
2194 2
2195 3
2196 0
2197 1
2198 2
2199 3
2200 0
2201 1
2202 2
2203 3
2204 0
2205 1
2206 2
2207 3
2208 0
2209 1
2210 2
2211 3
2212 0
2213 1
2214 2
2215 3
2216 0
2217 1
2218 2
2219 3
2220 0
2221 1
2222 2
2223 3
2224 0
2225 1
2226 2
2227 3
2228 0
2229 1
2230 2
2231 3
2232 0
2233 1
2234 2
2235 3
2236 0
2237 1
2238 2
2239 3
2240 0
2241 1
2242 2
2243 3
2244 0
2245 1
2246 2
2247 3
2248 0
2249 1
2250 2
2251 3
2252 0
2253 1
2254 2
2255 3
2256 0
2257 1
2258 2
2259 3
2260 0
2261 1
2262 2
2263 3
2264 0
2265 1
2266 2
2267 3
2268 0
2269 1
2270 2
2271 3
2272 0
2273 1
2274 2
2275 3
2276 0
2277 1
2278 2
2279 3
2280 0
2281 1
2282 2
2283 3
2284 0
2285 1
2286 2
2287 3
2288 0
2289 1
2290 2
2291 3
2292 0
2293 1
2294 2
2295 3
2296 0
2297 1
2298 2
2299 3
2300 0
2301 1
2302 2
2303 3
2304 0
2305 1
2306 2
2307 3
2308 0
2309 1
2310 2
2311 3
2312 0
2313 1
2314 2
2315 3
2316 0
2317 1
2318 2
2319 3
2320 0
2321 1
2322 2
2323 3
2324 0
2325 1
2326 2
2327 3
2328 0
2329 1
2330 2
2331 3
2332 0
2333 1
2334 2
2335 3
2336 0
2337 1
2338 2
2339 3
2340 0
2341 1
2342 2
2343 3
2344 0
2345 1
2346 2
2347 3
2348 0
2349 1
2350 2
2351 3
2352 0
2353 1
2354 2
2355 3
2356 0
2357 1
2358 2
2359 3
2360 0
2361 1
2362 2
2363 3
2364 0
2365 1
2366 2
2367 3
2368 0
2369 1
2370 2
2371 3
2372 0
2373 1
2374 2
2375 3
2376 0
2377 1
2378 2
2379 3
2380 0
2381 1
2382 2
2383 3
2384 0
2385 1
2386 2
2387 3
2388 0
2389 1
2390 2
2391 3
2392 0
2393 1
2394 2
2395 3
2396 0
2397 1
2398 2
2399 3
2400 0
2401 1
2402 2
2403 3
2404 0
2405 1
2406 2
2407 3
2408 0
2409 1
2410 2
2411 3
2412 0
2413 1
2414 2
2415 3
2416 0
2417 1
2418 2
2419 3
2420 0
2421 1
2422 2
2423 3
2424 0
2425 1
2426 2
2427 3
2428 0
2429 1
2430 2
2431 3
2432 0
2433 1
2434 2
2435 3
2436 0
2437 1
2438 2
2439 3
2440 0
2441 1
2442 2
2443 3
2444 0
2445 1
2446 2
2447 3
2448 0
2449 1
2450 2
2451 3
2452 0
2453 1
2454 2
2455 3
2456 0
2457 1
2458 2
2459 3
2460 0
2461 1
2462 2
2463 3
2464 0
2465 1
2466 2
2467 3
2468 0
2469 1
2470 2
2471 3
2472 0
2473 1
2474 2
2475 3
2476 0
2477 1
2478 2
2479 3
2480 0
2481 1
2482 2
2483 3
2484 0
2485 1
2486 2
2487 3
2488 0
2489 1
2490 2
2491 3
2492 0
2493 1
2494 2
2495 3
2496 0
2497 1
2498 2
2499 3
2500 0
2501 1
2502 2
2503 3
2504 0
2505 1
2506 2
2507 3
2508 0
2509 1
2510 2
2511 3
2512 0
2513 1
2514 2
2515 3
2516 0
2517 1
2518 2
2519 3
2520 0
2521 1
2522 2
2523 3
2524 0
2525 1
2526 2
2527 3
2528 0
2529 1
2530 2
2531 3
2532 0
2533 1
2534 2
2535 3
2536 0
2537 1
2538 2
2539 3
2540 0
2541 1
2542 2
2543 3
2544 0
2545 1
2546 2
2547 3
2548 0
2549 1
2550 2
2551 3
2552 0
2553 1
2554 2
2555 3
2556 0
2557 1
2558 2
2559 3
2560 0
2561 1
2562 2
2563 3
2564 0
2565 1
2566 2
2567 3
2568 0
2569 1
2570 2
2571 3
2572 0
2573 1
2574 2
2575 3
2576 0
2577 1
2578 2
2579 3
2580 0
2581 1
2582 2
2583 3
2584 0
2585 1
2586 2
2587 3
2588 0
2589 1
2590 2
2591 3
2592 0
2593 1
2594 2
2595 3
2596 0
2597 1
2598 2
2599 3
2600 0
2601 1
2602 2
2603 3
2604 0
2605 1
2606 2
2607 3
2608 0
2609 1
2610 2
2611 3
2612 0
2613 1
2614 2
2615 3
2616 0
2617 1
2618 2
2619 3
2620 0
2621 1
2622 2
2623 3
2624 0
2625 1
2626 2
2627 3
2628 0
2629 1
2630 2
2631 3
2632 0
2633 1
2634 2
2635 3
2636 0
2637 1
2638 2
2639 3
2640 0
2641 1
2642 2
2643 3
2644 0
2645 1
2646 2
2647 3
2648 0
2649 1
2650 2
2651 3
2652 0
2653 1
2654 2
2655 3
2656 0
2657 1
2658 2
2659 3
2660 0
2661 1
2662 2
2663 3
2664 0
2665 1
2666 2
2667 3
2668 0
2669 1
2670 2
2671 3
2672 0
2673 1
2674 2
2675 3
2676 0
2677 1
2678 2
2679 3
2680 0
2681 1
2682 2
2683 3
2684 0
2685 1
2686 2
2687 3
2688 0
2689 1
2690 2
2691 3
2692 0
2693 1
2694 2
2695 3
2696 0
2697 1
2698 2
2699 3
2700 0
2701 1
2702 2
2703 3
2704 0
2705 1
2706 2
2707 3
2708 0
2709 1
2710 2
2711 3
2712 0
2713 1
2714 2
2715 3
2716 0
2717 1
2718 2
2719 3
2720 0
2721 1
2722 2
2723 3
2724 0
2725 1
2726 2
2727 3
2728 0
2729 1
2730 2
2731 3
2732 0
2733 1
2734 2
2735 3
2736 0
2737 1
2738 2
2739 3
2740 0
2741 1
2742 2
2743 3
2744 0
2745 1
2746 2
2747 3
2748 0
2749 1
2750 2
2751 3
2752 0
2753 1
2754 2
2755 3
2756 0
2757 1
2758 2
2759 3
2760 0
2761 1
2762 2
2763 3
2764 0
2765 1
2766 2
2767 3
2768 0
2769 1
2770 2
2771 3
2772 0
2773 1
2774 2
2775 3
2776 0
2777 1
2778 2
2779 3
2780 0
2781 1
2782 2
2783 3
2784 0
2785 1
2786 2
2787 3
2788 0
2789 1
2790 2
2791 3
2792 0
2793 1
2794 2
2795 3
2796 0
2797 1
2798 2
2799 3
2800 0
2801 1
2802 2
2803 3
2804 0
2805 1
2806 2
2807 3
2808 0
2809 1
2810 2
2811 3
2812 0
2813 1
2814 2
2815 3
2816 0
2817 1
2818 2
2819 3
2820 0
2821 1
2822 2
2823 3
2824 0
2825 1
2826 2
2827 3
2828 0
2829 1
2830 2
2831 3
2832 0
2833 1
2834 2
2835 3
2836 0
2837 1
2838 2
2839 3
2840 0
2841 1
2842 2
2843 3
2844 0
2845 1
2846 2
2847 3
2848 0
2849 1
2850 2
2851 3
2852 0
2853 1
2854 2
2855 3
2856 0
2857 1
2858 2
2859 3
2860 0
2861 1
2862 2
2863 3
2864 0
2865 1
2866 2
2867 3
2868 0
2869 1
2870 2
2871 3
2872 0
2873 1
2874 2
2875 3
2876 0
2877 1
2878 2
2879 3
2880 0
2881 1
2882 2
2883 3
2884 0
2885 1
2886 2
2887 3
2888 0
2889 1
2890 2
2891 3
2892 0
2893 1
2894 2
2895 3
2896 0
2897 1
2898 2
2899 3
2900 0
2901 1
2902 2
2903 3
2904 0
2905 1
2906 2
2907 3
2908 0
2909 1
2910 2
2911 3
2912 0
2913 1
2914 2
2915 3
2916 0
2917 1
2918 2
2919 3
2920 0
2921 1
2922 2
2923 3
2924 0
2925 1
2926 2
2927 3
2928 0
2929 1
2930 2
2931 3
2932 0
2933 1
2934 2
2935 3
2936 0
2937 1
2938 2
2939 3
2940 0
2941 1
2942 2
2943 3
2944 0
2945 1
2946 2
2947 3
2948 0
2949 1
2950 2
2951 3
2952 0
2953 1
2954 2
2955 3
2956 0
2957 1
2958 2
2959 3
2960 0
2961 1
2962 2
2963 3
2964 0
2965 1
2966 2
2967 3
2968 0
2969 1
2970 2
2971 3
2972 0
2973 1
2974 2
2975 3
2976 0
2977 1
2978 2
2979 3
2980 0
2981 1
2982 2
2983 3
2984 0
2985 1
2986 2
2987 3
2988 0
2989 1
2990 2
2991 3
2992 0
2993 1
2994 2
2995 3
2996 0
2997 1
2998 2
2999 3
3000 0
3001 1
3002 2
3003 3
3004 0
3005 1
3006 2
3007 3
3008 0
3009 1
3010 2
3011 3
3012 0
3013 1
3014 2
3015 3
3016 0
3017 1
3018 2
3019 3
3020 0
3021 1
3022 2
3023 3
3024 0
3025 1
3026 2
3027 3
3028 0
3029 1
3030 2
3031 3
3032 0
3033 1
3034 2
3035 3
3036 0
3037 1
3038 2
3039 3
3040 0
3041 1
3042 2
3043 3
3044 0
3045 1
3046 2
3047 3
3048 0
3049 1
3050 2
3051 3
3052 0
3053 1
3054 2
3055 3
3056 0
3057 1
3058 2
3059 3
3060 0
3061 1
3062 2
3063 3
3064 0
3065 1
3066 2
3067 3
3068 0
3069 1
3070 2
3071 3
3072 0
3073 1
3074 2
3075 3
3076 0
3077 1
3078 2
3079 3
3080 0
3081 1
3082 2
3083 3
3084 0
3085 1
3086 2
3087 3
3088 0
3089 1
3090 2
3091 3
3092 0
3093 1
3094 2
3095 3
3096 0
3097 1
3098 2
3099 3
3100 0
3101 1
3102 2
3103 3
3104 0
3105 1
3106 2
3107 3
3108 0
3109 1
3110 2
3111 3
3112 0
3113 1
3114 2
3115 3
3116 0
3117 1
3118 2
3119 3
3120 0
3121 1
3122 2
3123 3
3124 0
3125 1
3126 2
3127 3
3128 0
3129 1
3130 2
3131 3
3132 0
3133 1
3134 2
3135 3
3136 0
3137 1
3138 2
3139 3
3140 0
3141 1
3142 2
3143 3
3144 0
3145 1
3146 2
3147 3
3148 0
3149 1
3150 2
3151 3
3152 0
3153 1
3154 2
3155 3
3156 0
3157 1
3158 2
3159 3
3160 0
3161 1
3162 2
3163 3
3164 0
3165 1
3166 2
3167 3
3168 0
3169 1
3170 2
3171 3
3172 0
3173 1
3174 2
3175 3
3176 0
3177 1
3178 2
3179 3
3180 0
3181 1
3182 2
3183 3
3184 0
3185 1
3186 2
3187 3
3188 0
3189 1
3190 2
3191 3
3192 0
3193 1
3194 2
3195 3
3196 0
3197 1
3198 2
3199 3
3200 0
3201 1
3202 2
3203 3
3204 0
3205 1
3206 2
3207 3
3208 0
3209 1
3210 2
3211 3
3212 0
3213 1
3214 2
3215 3
3216 0
3217 1
3218 2
3219 3
3220 0
3221 1
3222 2
3223 3
3224 0
3225 1
3226 2
3227 3
3228 0
3229 1
3230 2
3231 3
3232 0
3233 1
3234 2
3235 3
3236 0
3237 1
3238 2
3239 3
3240 0
3241 1
3242 2
3243 3
3244 0
3245 1
3246 2
3247 3
3248 0
3249 1
3250 2
3251 3
3252 0
3253 1
3254 2
3255 3
3256 0
3257 1
3258 2
3259 3
3260 0
3261 1
3262 2
3263 3
3264 0
3265 1
3266 2
3267 3
3268 0
3269 1
3270 2
3271 3
3272 0
3273 1
3274 2
3275 3
3276 0
3277 1
3278 2
3279 3
3280 0
3281 1
3282 2
3283 3
3284 0
3285 1
3286 2
3287 3
3288 0
3289 1
3290 2
3291 3
3292 0
3293 1
3294 2
3295 3
3296 0
3297 1
3298 2
3299 3
3300 0
3301 1
3302 2
3303 3
3304 0
3305 1
3306 2
3307 3
3308 0
3309 1
3310 2
3311 3
3312 0
3313 1
3314 2
3315 3
3316 0
3317 1
3318 2
3319 3
3320 0
3321 1
3322 2
3323 3
3324 0
3325 1
3326 2
3327 3
3328 0
3329 1
3330 2
3331 3
3332 0
3333 1
3334 2
3335 3
3336 0
3337 1
3338 2
3339 3
3340 0
3341 1
3342 2
3343 3
3344 0
3345 1
3346 2
3347 3
3348 0
3349 1
3350 2
3351 3
3352 0
3353 1
3354 2
3355 3
3356 0
3357 1
3358 2
3359 3
3360 0
3361 1
3362 2
3363 3
3364 0
3365 1
3366 2
3367 3
3368 0
3369 1
3370 2
3371 3
3372 0
3373 1
3374 2
3375 3
3376 0
3377 1
3378 2
3379 3
3380 0
3381 1
3382 2
3383 3
3384 0
3385 1
3386 2
3387 3
3388 0
3389 1
3390 2
3391 3
3392 0
3393 1
3394 2
3395 3
3396 0
3397 1
3398 2
3399 3
3400 0
3401 1
3402 2
3403 3
3404 0
3405 1
3406 2
3407 3
3408 0
3409 1
3410 2
3411 3
3412 0
3413 1
3414 2
3415 3
3416 0
3417 1
3418 2
3419 3
3420 0
3421 1
3422 2
3423 3
3424 0
3425 1
3426 2
3427 3
3428 0
3429 1
3430 2
3431 3
3432 0
3433 1
3434 2
3435 3
3436 0
3437 1
3438 2
3439 3
3440 0
3441 1
3442 2
3443 3
3444 0
3445 1
3446 2
3447 3
3448 0
3449 1
3450 2
3451 3
3452 0
3453 1
3454 2
3455 3
3456 0
3457 1
3458 2
3459 3
3460 0
3461 1
3462 2
3463 3
3464 0
3465 1
3466 2
3467 3
3468 0
3469 1
3470 2
3471 3
3472 0
3473 1
3474 2
3475 3
3476 0
3477 1
3478 2
3479 3
3480 0
3481 1
3482 2
3483 3
3484 0
3485 1
3486 2
3487 3
3488 0
3489 1
3490 2
3491 3
3492 0
3493 1
3494 2
3495 3
3496 0
3497 1
3498 2
3499 3
3500 0
3501 1
3502 2
3503 3
3504 0
3505 1
3506 2
3507 3
3508 0
3509 1
3510 2
3511 3
3512 0
3513 1
3514 2
3515 3
3516 0
3517 1
3518 2
3519 3
3520 0
3521 1
3522 2
3523 3
3524 0
3525 1
3526 2
3527 3
3528 0
3529 1
3530 2
3531 3
3532 0
3533 1
3534 2
3535 3
3536 0
3537 1
3538 2
3539 3
3540 0
3541 1
3542 2
3543 3
3544 0
3545 1
3546 2
3547 3
3548 0
3549 1
3550 2
3551 3
3552 0
3553 1
3554 2
3555 3
3556 0
3557 1
3558 2
3559 3
3560 0
3561 1
3562 2
3563 3
3564 0
3565 1
3566 2
3567 3
3568 0
3569 1
3570 2
3571 3
3572 0
3573 1
3574 2
3575 3
3576 0
3577 1
3578 2
3579 3
3580 0
3581 1
3582 2
3583 3
3584 0
3585 1
3586 2
3587 3
3588 0
3589 1
3590 2
3591 3
3592 0
3593 1
3594 2
3595 3
3596 0
3597 1
3598 2
3599 3
3600 0
3601 1
3602 2
3603 3
3604 0
3605 1
3606 2
3607 3
3608 0
3609 1
3610 2
3611 3
3612 0
3613 1
3614 2
3615 3
3616 0
3617 1
3618 2
3619 3
3620 0
3621 1
3622 2
3623 3
3624 0
3625 1
3626 2
3627 3
3628 0
3629 1
3630 2
3631 3
3632 0
3633 1
3634 2
3635 3
3636 0
3637 1
3638 2
3639 3
3640 0
3641 1
3642 2
3643 3
3644 0
3645 1
3646 2
3647 3
3648 0
3649 1
3650 2
3651 3
3652 0
3653 1
3654 2
3655 3
3656 0
3657 1
3658 2
3659 3
3660 0
3661 1
3662 2
3663 3
3664 0
3665 1
3666 2
3667 3
3668 0
3669 1
3670 2
3671 3
3672 0
3673 1
3674 2
3675 3
3676 0
3677 1
3678 2
3679 3
3680 0
3681 1
3682 2
3683 3
3684 0
3685 1
3686 2
3687 3
3688 0
3689 1
3690 2
3691 3
3692 0
3693 1
3694 2
3695 3
3696 0
3697 1
3698 2
3699 3
3700 0
3701 1
3702 2
3703 3
3704 0
3705 1
3706 2
3707 3
3708 0
3709 1
3710 2
3711 3
3712 0
3713 1
3714 2
3715 3
3716 0
3717 1
3718 2
3719 3
3720 0
3721 1
3722 2
3723 3
3724 0
3725 1
3726 2
3727 3
3728 0
3729 1
3730 2
3731 3
3732 0
3733 1
3734 2
3735 3
3736 0
3737 1
3738 2
3739 3
3740 0
3741 1
3742 2
3743 3
3744 0
3745 1
3746 2
3747 3
3748 0
3749 1
3750 2
3751 3
3752 0
3753 1
3754 2
3755 3
3756 0
3757 1
3758 2
3759 3
3760 0
3761 1
3762 2
3763 3
3764 0
3765 1
3766 2
3767 3
3768 0
3769 1
3770 2
3771 3
3772 0
3773 1
3774 2
3775 3
3776 0
3777 1
3778 2
3779 3
3780 0
3781 1
3782 2
3783 3
3784 0
3785 1
3786 2
3787 3
3788 0
3789 1
3790 2
3791 3
3792 0
3793 1
3794 2
3795 3
3796 0
3797 1
3798 2
3799 3
3800 0
3801 1
3802 2
3803 3
3804 0
3805 1
3806 2
3807 3
3808 0
3809 1
3810 2
3811 3
3812 0
3813 1
3814 2
3815 3
3816 0
3817 1
3818 2
3819 3
3820 0
3821 1
3822 2
3823 3
3824 0
3825 1
3826 2
3827 3
3828 0
3829 1
3830 2
3831 3
3832 0
3833 1
3834 2
3835 3
3836 0
3837 1
3838 2
3839 3
3840 0
3841 1
3842 2
3843 3
3844 0
3845 1
3846 2
3847 3
3848 0
3849 1
3850 2
3851 3
3852 0
3853 1
3854 2
3855 3
3856 0
3857 1
3858 2
3859 3
3860 0
3861 1
3862 2
3863 3
3864 0
3865 1
3866 2
3867 3
3868 0
3869 1
3870 2
3871 3
3872 0
3873 1
3874 2
3875 3
3876 0
3877 1
3878 2
3879 3
3880 0
3881 1
3882 2
3883 3
3884 0
3885 1
3886 2
3887 3
3888 0
3889 1
3890 2
3891 3
3892 0
3893 1
3894 2
3895 3
3896 0
3897 1
3898 2
3899 3
3900 0
3901 1
3902 2
3903 3
3904 0
3905 1
3906 2
3907 3
3908 0
3909 1
3910 2
3911 3
3912 0
3913 1
3914 2
3915 3
3916 0
3917 1
3918 2
3919 3
3920 0
3921 1
3922 2
3923 3
3924 0
3925 1
3926 2
3927 3
3928 0
3929 1
3930 2
3931 3
3932 0
3933 1
3934 2
3935 3
3936 0
3937 1
3938 2
3939 3
3940 0
3941 1
3942 2
3943 3
3944 0
3945 1
3946 2
3947 3
3948 0
3949 1
3950 2
3951 3
3952 0
3953 1
3954 2
3955 3
3956 0
3957 1
3958 2
3959 3
3960 0
3961 1
3962 2
3963 3
3964 0
3965 1
3966 2
3967 3
3968 0
3969 1
3970 2
3971 3
3972 0
3973 1
3974 2
3975 3
3976 0
3977 1
3978 2
3979 3
3980 0
3981 1
3982 2
3983 3
3984 0
3985 1
3986 2
3987 3
3988 0
3989 1
3990 2
3991 3
3992 0
3993 1
3994 2
3995 3
3996 0
3997 1
3998 2
3999 3
4000 0
4001 1
4002 2
4003 3
4004 0
4005 1
4006 2
4007 3
4008 0
4009 1
4010 2
4011 3
4012 0
4013 1
4014 2
4015 3
4016 0
4017 1
4018 2
4019 3
4020 0
4021 1
4022 2
4023 3
4024 0
4025 1
4026 2
4027 3
4028 0
4029 1
4030 2
4031 3
4032 0
4033 1
4034 2
4035 3
4036 0
4037 1
4038 2
4039 3
4040 0
4041 1
4042 2
4043 3
4044 0
4045 1
4046 2
4047 3
4048 0
4049 1
4050 2
4051 3
4052 0
4053 1
4054 2
4055 3
4056 0
4057 1
4058 2
4059 3
4060 0
4061 1
4062 2
4063 3
4064 0
4065 1
4066 2
4067 3
4068 0
4069 1
4070 2
4071 3
4072 0
4073 1
4074 2
4075 3
4076 0
4077 1
4078 2
4079 3
4080 0
4081 1
4082 2
4083 3
4084 0
4085 1
4086 2
4087 3
4088 0
4089 1
4090 2
4091 3
4092 0
4093 1
4094 2
4095 3
4096 0
4097 1
4098 2
4099 3
4100 0
4101 1
4102 2
4103 3
4104 0
4105 1
4106 2
4107 3
4108 0
4109 1
4110 2
4111 3
4112 0
4113 1
4114 2
4115 3
4116 0
4117 1
4118 2
4119 3
4120 0
4121 1
4122 2
4123 3
4124 0
4125 1
4126 2
4127 3
4128 0
4129 1
4130 2
4131 3
4132 0
4133 1
4134 2
4135 3
4136 0
4137 1
4138 2
4139 3
4140 0
4141 1
4142 2
4143 3
4144 0
4145 1
4146 2
4147 3
4148 0
4149 1
4150 2
4151 3
4152 0
4153 1
4154 2
4155 3
4156 0
4157 1
4158 2
4159 3
4160 0
4161 1
4162 2
4163 3
4164 0
4165 1
4166 2
4167 3
4168 0
4169 1
4170 2
4171 3
4172 0
4173 1
4174 2
4175 3
4176 0
4177 1
4178 2
4179 3
4180 0
4181 1
4182 2
4183 3
4184 0
4185 1
4186 2
4187 3
4188 0
4189 1
4190 2
4191 3
4192 0
4193 1
4194 2
4195 3
4196 0
4197 1
4198 2
4199 3
4200 0
4201 1
4202 2
4203 3
4204 0
4205 1
4206 2
4207 3
4208 0
4209 1
4210 2
4211 3
4212 0
4213 1
4214 2
4215 3
4216 0
4217 1
4218 2
4219 3
4220 0
4221 1
4222 2
4223 3
4224 0
4225 1
4226 2
4227 3
4228 0
4229 1
4230 2
4231 3
4232 0
4233 1
4234 2
4235 3
4236 0
4237 1
4238 2
4239 3
4240 0
4241 1
4242 2
4243 3
4244 0
4245 1
4246 2
4247 3
4248 0
4249 1
4250 2
4251 3
4252 0
4253 1
4254 2
4255 3
4256 0
4257 1
4258 2
4259 3
4260 0
4261 1
4262 2
4263 3
4264 0
4265 1
4266 2
4267 3
4268 0
4269 1
4270 2
4271 3
4272 0
4273 1
4274 2
4275 3
4276 0
4277 1
4278 2
4279 3
4280 0
4281 1
4282 2
4283 3
4284 0
4285 1
4286 2
4287 3
4288 0
4289 1
4290 2
4291 3
4292 0
4293 1
4294 2
4295 3
4296 0
4297 1
4298 2
4299 3
4300 0
4301 1
4302 2
4303 3
4304 0
4305 1
4306 2
4307 3
4308 0
4309 1
4310 2
4311 3
4312 0
4313 1
4314 2
4315 3
4316 0
4317 1
4318 2
4319 3
4320 0
4321 1
4322 2
4323 3
4324 0
4325 1
4326 2
4327 3
4328 0
4329 1
4330 2
4331 3
4332 0
4333 1
4334 2
4335 3
4336 0
4337 1
4338 2
4339 3
4340 0
4341 1
4342 2
4343 3
4344 0
4345 1
4346 2
4347 3
4348 0
4349 1
4350 2
4351 3
4352 0
4353 1
4354 2
4355 3
4356 0
4357 1
4358 2
4359 3
4360 0
4361 1
4362 2
4363 3
4364 0
4365 1
4366 2
4367 3
4368 0
4369 1
4370 2
4371 3
4372 0
4373 1
4374 2
4375 3
4376 0
4377 1
4378 2
4379 3
4380 0
4381 1
4382 2
4383 3
4384 0
4385 1
4386 2
4387 3
4388 0
4389 1
4390 2
4391 3
4392 0
4393 1
4394 2
4395 3
4396 0
4397 1
4398 2
4399 3
4400 0
4401 1
4402 2
4403 3
4404 0
4405 1
4406 2
4407 3
4408 0
4409 1
4410 2
4411 3
4412 0
4413 1
4414 2
4415 3
4416 0
4417 1
4418 2
4419 3
4420 0
4421 1
4422 2
4423 3
4424 0
4425 1
4426 2
4427 3
4428 0
4429 1
4430 2
4431 3
4432 0
4433 1
4434 2
4435 3
4436 0
4437 1
4438 2
4439 3
4440 0
4441 1
4442 2
4443 3
4444 0
4445 1
4446 2
4447 3
4448 0
4449 1
4450 2
4451 3
4452 0
4453 1
4454 2
4455 3
4456 0
4457 1
4458 2
4459 3
4460 0
4461 1
4462 2
4463 3
4464 0
4465 1
4466 2
4467 3
4468 0
4469 1
4470 2
4471 3
4472 0
4473 1
4474 2
4475 3
4476 0
4477 1
4478 2
4479 3
4480 0
4481 1
4482 2
4483 3
4484 0
4485 1
4486 2
4487 3
4488 0
4489 1
4490 2
4491 3
4492 0
4493 1
4494 2
4495 3
4496 0
4497 1
4498 2
4499 3
4500 0
4501 1
4502 2
4503 3
4504 0
4505 1
4506 2
4507 3
4508 0
4509 1
4510 2
4511 3
4512 0
4513 1
4514 2
4515 3
4516 0
4517 1
4518 2
4519 3
4520 0
4521 1
4522 2
4523 3
4524 0
4525 1
4526 2
4527 3
4528 0
4529 1
4530 2
4531 3
4532 0
4533 1
4534 2
4535 3
4536 0
4537 1
4538 2
4539 3
4540 0
4541 1
4542 2
4543 3
4544 0
4545 1
4546 2
4547 3
4548 0
4549 1
4550 2
4551 3
4552 0
4553 1
4554 2
4555 3
4556 0
4557 1
4558 2
4559 3
4560 0
4561 1
4562 2
4563 3
4564 0
4565 1
4566 2
4567 3
4568 0
4569 1
4570 2
4571 3
4572 0
4573 1
4574 2
4575 3
4576 0
4577 1
4578 2
4579 3
4580 0
4581 1
4582 2
4583 3
4584 0
4585 1
4586 2
4587 3
4588 0
4589 1
4590 2
4591 3
4592 0
4593 1
4594 2
4595 3
4596 0
4597 1
4598 2
4599 3
4600 0
4601 1
4602 2
4603 3
4604 0
4605 1
4606 2
4607 3
4608 0
4609 1
4610 2
4611 3
4612 0
4613 1
4614 2
4615 3
4616 0
4617 1
4618 2
4619 3
4620 0
4621 1
4622 2
4623 3
4624 0
4625 1
4626 2
4627 3
4628 0
4629 1
4630 2
4631 3
4632 0
4633 1
4634 2
4635 3
4636 0
4637 1
4638 2
4639 3
4640 0
4641 1
4642 2
4643 3
4644 0
4645 1
4646 2
4647 3
4648 0
4649 1
4650 2
4651 3
4652 0
4653 1
4654 2
4655 3
4656 0
4657 1
4658 2
4659 3
4660 0
4661 1
4662 2
4663 3
4664 0
4665 1
4666 2
4667 3
4668 0
4669 1
4670 2
4671 3
4672 0
4673 1
4674 2
4675 3
4676 0
4677 1
4678 2
4679 3
4680 0
4681 1
4682 2
4683 3
4684 0
4685 1
4686 2
4687 3
4688 0
4689 1
4690 2
4691 3
4692 0
4693 1
4694 2
4695 3
4696 0
4697 1
4698 2
4699 3
4700 0
4701 1
4702 2
4703 3
4704 0
4705 1
4706 2
4707 3
4708 0
4709 1
4710 2
4711 3
4712 0
4713 1
4714 2
4715 3
4716 0
4717 1
4718 2
4719 3
4720 0
4721 1
4722 2
4723 3
4724 0
4725 1
4726 2
4727 3
4728 0
4729 1
4730 2
4731 3
4732 0
4733 1
4734 2
4735 3
4736 0
4737 1
4738 2
4739 3
4740 0
4741 1
4742 2
4743 3
4744 0
4745 1
4746 2
4747 3
4748 0
4749 1
4750 2
4751 3
4752 0
4753 1
4754 2
4755 3
4756 0
4757 1
4758 2
4759 3
4760 0
4761 1
4762 2
4763 3
4764 0
4765 1
4766 2
4767 3
4768 0
4769 1
4770 2
4771 3
4772 0
4773 1
4774 2
4775 3
4776 0
4777 1
4778 2
4779 3
4780 0
4781 1
4782 2
4783 3
4784 0
4785 1
4786 2
4787 3
4788 0
4789 1
4790 2
4791 3
4792 0
4793 1
4794 2
4795 3
4796 0
4797 1
4798 2
4799 3
4800 0
4801 1
4802 2
4803 3
4804 0
4805 1
4806 2
4807 3
4808 0
4809 1
4810 2
4811 3
4812 0
4813 1
4814 2
4815 3
4816 0
4817 1
4818 2
4819 3
4820 0
4821 1
4822 2
4823 3
4824 0
4825 1
4826 2
4827 3
4828 0
4829 1
4830 2
4831 3
4832 0
4833 1
4834 2
4835 3
4836 0
4837 1
4838 2
4839 3
4840 0
4841 1
4842 2
4843 3
4844 0
4845 1
4846 2
4847 3
4848 0
4849 1
4850 2
4851 3
4852 0
4853 1
4854 2
4855 3
4856 0
4857 1
4858 2
4859 3
4860 0
4861 1
4862 2
4863 3
4864 0
4865 1
4866 2
4867 3
4868 0
4869 1
4870 2
4871 3
4872 0
4873 1
4874 2
4875 3
4876 0
4877 1
4878 2
4879 3
4880 0
4881 1
4882 2
4883 3
4884 0
4885 1
4886 2
4887 3
4888 0
4889 1
4890 2
4891 3
4892 0
4893 1
4894 2
4895 3
4896 0
4897 1
4898 2
4899 3
4900 0
4901 1
4902 2
4903 3
4904 0
4905 1
4906 2
4907 3
4908 0
4909 1
4910 2
4911 3
4912 0
4913 1
4914 2
4915 3
4916 0
4917 1
4918 2
4919 3
4920 0
4921 1
4922 2
4923 3
4924 0
4925 1
4926 2
4927 3
4928 0
4929 1
4930 2
4931 3
4932 0
4933 1
4934 2
4935 3
4936 0
4937 1
4938 2
4939 3
4940 0
4941 1
4942 2
4943 3
4944 0
4945 1
4946 2
4947 3
4948 0
4949 1
4950 2
4951 3
4952 0
4953 1
4954 2
4955 3
4956 0
4957 1
4958 2
4959 3
4960 0
4961 1
4962 2
4963 3
4964 0
4965 1
4966 2
4967 3
4968 0
4969 1
4970 2
4971 3
4972 0
4973 1
4974 2
4975 3
4976 0
4977 1
4978 2
4979 3
4980 0
4981 1
4982 2
4983 3
4984 0
4985 1
4986 2
4987 3
4988 0
4989 1
4990 2
4991 3
4992 0
4993 1
4994 2
4995 3
4996 0
4997 1
4998 2
4999 3
5000 0
5001 1
5002 2
5003 3
5004 0
5005 1
5006 2
5007 3
5008 0
5009 1
5010 2
5011 3
5012 0
5013 1
5014 2
5015 3
5016 0
5017 1
5018 2
5019 3
5020 0
5021 1
5022 2
5023 3
5024 0
5025 1
5026 2
5027 3
5028 0
5029 1
5030 2
5031 3
5032 0
5033 1
5034 2
5035 3
5036 0
5037 1
5038 2
5039 3
5040 0
5041 1
5042 2
5043 3
5044 0
5045 1
5046 2
5047 3
5048 0
5049 1
5050 2
5051 3
5052 0
5053 1
5054 2
5055 3
5056 0
5057 1
5058 2
5059 3
5060 0
5061 1
5062 2
5063 3
5064 0
5065 1
5066 2
5067 3
5068 0
5069 1
5070 2
5071 3
5072 0
5073 1
5074 2
5075 3
5076 0
5077 1
5078 2
5079 3
5080 0
5081 1
5082 2
5083 3
5084 0
5085 1
5086 2
5087 3
5088 0
5089 1
5090 2
5091 3
5092 0
5093 1
5094 2
5095 3
5096 0
5097 1
5098 2
5099 3
5100 0
5101 1
5102 2
5103 3
5104 0
5105 1
5106 2
5107 3
5108 0
5109 1
5110 2
5111 3
5112 0
5113 1
5114 2
5115 3
5116 0
5117 1
5118 2
5119 3
5120 0
5121 1
5122 2
5123 3
5124 0
5125 1
5126 2
5127 3
5128 0
5129 1
5130 2
5131 3
5132 0
5133 1
5134 2
5135 3
5136 0
5137 1
5138 2
5139 3
5140 0
5141 1
5142 2
5143 3
5144 0
5145 1
5146 2
5147 3
5148 0
5149 1
5150 2
5151 3
5152 0
5153 1
5154 2
5155 3
5156 0
5157 1
5158 2
5159 3
5160 0
5161 1
5162 2
5163 3
5164 0
5165 1
5166 2
5167 3
5168 0
5169 1
5170 2
5171 3
5172 0
5173 1
5174 2
5175 3
5176 0
5177 1
5178 2
5179 3
5180 0
5181 1
5182 2
5183 3
5184 0
5185 1
5186 2
5187 3
5188 0
5189 1
5190 2
5191 3
5192 0
5193 1
5194 2
5195 3
5196 0
5197 1
5198 2
5199 3
5200 0
5201 1
5202 2
5203 3
5204 0
5205 1
5206 2
5207 3
5208 0
5209 1
5210 2
5211 3
5212 0
5213 1
5214 2
5215 3
5216 0
5217 1
5218 2
5219 3
5220 0
5221 1
5222 2
5223 3
5224 0
5225 1
5226 2
5227 3
5228 0
5229 1
5230 2
5231 3
5232 0
5233 1
5234 2
5235 3
5236 0
5237 1
5238 2
5239 3
5240 0
5241 1
5242 2
5243 3
5244 0
5245 1
5246 2
5247 3
5248 0
5249 1
5250 2
5251 3
5252 0
5253 1
5254 2
5255 3
5256 0
5257 1
5258 2
5259 3
5260 0
5261 1
5262 2
5263 3
5264 0
5265 1
5266 2
5267 3
5268 0
5269 1
5270 2
5271 3
5272 0
5273 1
5274 2
5275 3
5276 0
5277 1
5278 2
5279 3
5280 0
5281 1
5282 2
5283 3
5284 0
5285 1
5286 2
5287 3
5288 0
5289 1
5290 2
5291 3
5292 0
5293 1
5294 2
5295 3
5296 0
5297 1
5298 2
5299 3
5300 0
5301 1
5302 2
5303 3
5304 0
5305 1
5306 2
5307 3
5308 0
5309 1
5310 2
5311 3
5312 0
5313 1
5314 2
5315 3
5316 0
5317 1
5318 2
5319 3
5320 0
5321 1
5322 2
5323 3
5324 0
5325 1
5326 2
5327 3
5328 0
5329 1
5330 2
5331 3
5332 0
5333 1
5334 2
5335 3
5336 0
5337 1
5338 2
5339 3
5340 0
5341 1
5342 2
5343 3
5344 0
5345 1
5346 2
5347 3
5348 0
5349 1
5350 2
5351 3
5352 0
5353 1
5354 2
5355 3
5356 0
5357 1
5358 2
5359 3
5360 0
5361 1
5362 2
5363 3
5364 0
5365 1
5366 2
5367 3
5368 0
5369 1
5370 2
5371 3
5372 0
5373 1
5374 2
5375 3
5376 0
5377 1
5378 2
5379 3
5380 0
5381 1
5382 2
5383 3
5384 0
5385 1
5386 2
5387 3
5388 0
5389 1
5390 2
5391 3
5392 0
5393 1
5394 2
5395 3
5396 0
5397 1
5398 2
5399 3
5400 0
5401 1
5402 2
5403 3
5404 0
5405 1
5406 2
5407 3
5408 0
5409 1
5410 2
5411 3
5412 0
5413 1
5414 2
5415 3
5416 0
5417 1
5418 2
5419 3
5420 0
5421 1
5422 2
5423 3
5424 0
5425 1
5426 2
5427 3
5428 0
5429 1
5430 2
5431 3
5432 0
5433 1
5434 2
5435 3
5436 0
5437 1
5438 2
5439 3
5440 0
5441 1
5442 2
5443 3
5444 0
5445 1
5446 2
5447 3
5448 0
5449 1
5450 2
5451 3
5452 0
5453 1
5454 2
5455 3
5456 0
5457 1
5458 2
5459 3
5460 0
5461 1
5462 2
5463 3
5464 0
5465 1
5466 2
5467 3
5468 0
5469 1
5470 2
5471 3
5472 0
5473 1
5474 2
5475 3
5476 0
5477 1
5478 2
5479 3
5480 0
5481 1
5482 2
5483 3
5484 0
5485 1
5486 2
5487 3
5488 0
5489 1
5490 2
5491 3
5492 0
5493 1
5494 2
5495 3
5496 0
5497 1
5498 2
5499 3
5500 0
5501 1
5502 2
5503 3
5504 0
5505 1
5506 2
5507 3
5508 0
5509 1
5510 2
5511 3
5512 0
5513 1
5514 2
5515 3
5516 0
5517 1
5518 2
5519 3
5520 0
5521 1
5522 2
5523 3
5524 0
5525 1
5526 2
5527 3
5528 0
5529 1
5530 2
5531 3
5532 0
5533 1
5534 2
5535 3
5536 0
5537 1
5538 2
5539 3
5540 0
5541 1
5542 2
5543 3
5544 0
5545 1
5546 2
5547 3
5548 0
5549 1
5550 2
5551 3
5552 0
5553 1
5554 2
5555 3
5556 0
5557 1
5558 2
5559 3
5560 0
5561 1
5562 2
5563 3
5564 0
5565 1
5566 2
5567 3
5568 0
5569 1
5570 2
5571 3
5572 0
5573 1
5574 2
5575 3
5576 0
5577 1
5578 2
5579 3
5580 0
5581 1
5582 2
5583 3
5584 0
5585 1
5586 2
5587 3
5588 0
5589 1
5590 2
5591 3
5592 0
5593 1
5594 2
5595 3
5596 0
5597 1
5598 2
5599 3
5600 0
5601 1
5602 2
5603 3
5604 0
5605 1
5606 2
5607 3
5608 0
5609 1
5610 2
5611 3
5612 0
5613 1
5614 2
5615 3
5616 0
5617 1
5618 2
5619 3
5620 0
5621 1
5622 2
5623 3
5624 0
5625 1
5626 2
5627 3
5628 0
5629 1
5630 2
5631 3
5632 0
5633 1
5634 2
5635 3
5636 0
5637 1
5638 2
5639 3
5640 0
5641 1
5642 2
5643 3
5644 0
5645 1
5646 2
5647 3
5648 0
5649 1
5650 2
5651 3
5652 0
5653 1
5654 2
5655 3
5656 0
5657 1
5658 2
5659 3
5660 0
5661 1
5662 2
5663 3
5664 0
5665 1
5666 2
5667 3
5668 0
5669 1
5670 2
5671 3
5672 0
5673 1
5674 2
5675 3
5676 0
5677 1
5678 2
5679 3
5680 0
5681 1
5682 2
5683 3
5684 0
5685 1
5686 2
5687 3
5688 0
5689 1
5690 2
5691 3
5692 0
5693 1
5694 2
5695 3
5696 0
5697 1
5698 2
5699 3
5700 0
5701 1
5702 2
5703 3
5704 0
5705 1
5706 2
5707 3
5708 0
5709 1
5710 2
5711 3
5712 0
5713 1
5714 2
5715 3
5716 0
5717 1
5718 2
5719 3
5720 0
5721 1
5722 2
5723 3
5724 0
5725 1
5726 2
5727 3
5728 0
5729 1
5730 2
5731 3
5732 0
5733 1
5734 2
5735 3
5736 0
5737 1
5738 2
5739 3
5740 0
5741 1
5742 2
5743 3
5744 0
5745 1
5746 2
5747 3
5748 0
5749 1
5750 2
5751 3
5752 0
5753 1
5754 2
5755 3
5756 0
5757 1
5758 2
5759 3
5760 0
5761 1
5762 2
5763 3
5764 0
5765 1
5766 2
5767 3
5768 0
5769 1
5770 2
5771 3
5772 0
5773 1
5774 2
5775 3
5776 0
5777 1
5778 2
5779 3
5780 0
5781 1
5782 2
5783 3
5784 0
5785 1
5786 2
5787 3
5788 0
5789 1
5790 2
5791 3
5792 0
5793 1
5794 2
5795 3
5796 0
5797 1
5798 2
5799 3
5800 0
5801 1
5802 2
5803 3
5804 0
5805 1
5806 2
5807 3
5808 0
5809 1
5810 2
5811 3
5812 0
5813 1
5814 2
5815 3
5816 0
5817 1
5818 2
5819 3
5820 0
5821 1
5822 2
5823 3
5824 0
5825 1
5826 2
5827 3
5828 0
5829 1
5830 2
5831 3
5832 0
5833 1
5834 2
5835 3
5836 0
5837 1
5838 2
5839 3
5840 0
5841 1
5842 2
5843 3
5844 0
5845 1
5846 2
5847 3
5848 0
5849 1
5850 2
5851 3
5852 0
5853 1
5854 2
5855 3
5856 0
5857 1
5858 2
5859 3
5860 0
5861 1
5862 2
5863 3
5864 0
5865 1
5866 2
5867 3
5868 0
5869 1
5870 2
5871 3
5872 0
5873 1
5874 2
5875 3
5876 0
5877 1
5878 2
5879 3
5880 0
5881 1
5882 2
5883 3
5884 0
5885 1
5886 2
5887 3
5888 0
5889 1
5890 2
5891 3
5892 0
5893 1
5894 2
5895 3
5896 0
5897 1
5898 2
5899 3
5900 0
5901 1
5902 2
5903 3
5904 0
5905 1
5906 2
5907 3
5908 0
5909 1
5910 2
5911 3
5912 0
5913 1
5914 2
5915 3
5916 0
5917 1
5918 2
5919 3
5920 0
5921 1
5922 2
5923 3
5924 0
5925 1
5926 2
5927 3
5928 0
5929 1
5930 2
5931 3
5932 0
5933 1
5934 2
5935 3
5936 0
5937 1
5938 2
5939 3
5940 0
5941 1
5942 2
5943 3
5944 0
5945 1
5946 2
5947 3
5948 0
5949 1
5950 2
5951 3
5952 0
5953 1
5954 2
5955 3
5956 0
5957 1
5958 2
5959 3
5960 0
5961 1
5962 2
5963 3
5964 0
5965 1
5966 2
5967 3
5968 0
5969 1
5970 2
5971 3
5972 0
5973 1
5974 2
5975 3
5976 0
5977 1
5978 2
5979 3
5980 0
5981 1
5982 2
5983 3
5984 0
5985 1
5986 2
5987 3
5988 0
5989 1
5990 2
5991 3
5992 0
5993 1
5994 2
5995 3
5996 0
5997 1
5998 2
5999 3
6000 0
6001 1
6002 2
6003 3
6004 0
6005 1
6006 2
6007 3
6008 0
6009 1
6010 2
6011 3
6012 0
6013 1
6014 2
6015 3
6016 0
6017 1
6018 2
6019 3
6020 0
6021 1
6022 2
6023 3
6024 0
6025 1
6026 2
6027 3
6028 0
6029 1
6030 2
6031 3
6032 0
6033 1
6034 2
6035 3
6036 0
6037 1
6038 2
6039 3
6040 0
6041 1
6042 2
6043 3
6044 0
6045 1
6046 2
6047 3
6048 0
6049 1
6050 2
6051 3
6052 0
6053 1
6054 2
6055 3
6056 0
6057 1
6058 2
6059 3
6060 0
6061 1
6062 2
6063 3
6064 0
6065 1
6066 2
6067 3
6068 0
6069 1
6070 2
6071 3
6072 0
6073 1
6074 2
6075 3
6076 0
6077 1
6078 2
6079 3
6080 0
6081 1
6082 2
6083 3
6084 0
6085 1
6086 2
6087 3
6088 0
6089 1
6090 2
6091 3
6092 0
6093 1
6094 2
6095 3
6096 0
6097 1
6098 2
6099 3
6100 0
6101 1
6102 2
6103 3
6104 0
6105 1
6106 2
6107 3
6108 0
6109 1
6110 2
6111 3
6112 0
6113 1
6114 2
6115 3
6116 0
6117 1
6118 2
6119 3
6120 0
6121 1
6122 2
6123 3
6124 0
6125 1
6126 2
6127 3
6128 0
6129 1
6130 2
6131 3
6132 0
6133 1
6134 2
6135 3
6136 0
6137 1
6138 2
6139 3
6140 0
6141 1
6142 2
6143 3
6144 0
6145 1
6146 2
6147 3
6148 0
6149 1
6150 2
6151 3
6152 0
6153 1
6154 2
6155 3
6156 0
6157 1
6158 2
6159 3
6160 0
6161 1
6162 2
6163 3
6164 0
6165 1
6166 2
6167 3
6168 0
6169 1
6170 2
6171 3
6172 0
6173 1
6174 2
6175 3
6176 0
6177 1
6178 2
6179 3
6180 0
6181 1
6182 2
6183 3
6184 0
6185 1
6186 2
6187 3
6188 0
6189 1
6190 2
6191 3
6192 0
6193 1
6194 2
6195 3
6196 0
6197 1
6198 2
6199 3
6200 0
6201 1
6202 2
6203 3
6204 0
6205 1
6206 2
6207 3
6208 0
6209 1
6210 2
6211 3
6212 0
6213 1
6214 2
6215 3
6216 0
6217 1
6218 2
6219 3
6220 0
6221 1
6222 2
6223 3
6224 0
6225 1
6226 2
6227 3
6228 0
6229 1
6230 2
6231 3
6232 0
6233 1
6234 2
6235 3
6236 0
6237 1
6238 2
6239 3
6240 0
6241 1
6242 2
6243 3
6244 0
6245 1
6246 2
6247 3
6248 0
6249 1
6250 2
6251 3
6252 0
6253 1
6254 2
6255 3
6256 0
6257 1
6258 2
6259 3
6260 0
6261 1
6262 2
6263 3
6264 0
6265 1
6266 2
6267 3
6268 0
6269 1
6270 2
6271 3
6272 0
6273 1
6274 2
6275 3
6276 0
6277 1
6278 2
6279 3
6280 0
6281 1
6282 2
6283 3
6284 0
6285 1
6286 2
6287 3
6288 0
6289 1
6290 2
6291 3
6292 0
6293 1
6294 2
6295 3
6296 0
6297 1
6298 2
6299 3
6300 0
6301 1
6302 2
6303 3
6304 0
6305 1
6306 2
6307 3
6308 0
6309 1
6310 2
6311 3
6312 0
6313 1
6314 2
6315 3
6316 0
6317 1
6318 2
6319 3
6320 0
6321 1
6322 2
6323 3
6324 0
6325 1
6326 2
6327 3
6328 0
6329 1
6330 2
6331 3
6332 0
6333 1
6334 2
6335 3
6336 0
6337 1
6338 2
6339 3
6340 0
6341 1
6342 2
6343 3
6344 0
6345 1
6346 2
6347 3
6348 0
6349 1
6350 2
6351 3
6352 0
6353 1
6354 2
6355 3
6356 0
6357 1
6358 2
6359 3
6360 0
6361 1
6362 2
6363 3
6364 0
6365 1
6366 2
6367 3
6368 0
6369 1
6370 2
6371 3
6372 0
6373 1
6374 2
6375 3
6376 0
6377 1
6378 2
6379 3
6380 0
6381 1
6382 2
6383 3
6384 0
6385 1
6386 2
6387 3
6388 0
6389 1
6390 2
6391 3
6392 0
6393 1
6394 2
6395 3
6396 0
6397 1
6398 2
6399 3
6400 0
6401 1
6402 2
6403 3
6404 0
6405 1
6406 2
6407 3
6408 0
6409 1
6410 2
6411 3
6412 0
6413 1
6414 2
6415 3
6416 0
6417 1
6418 2
6419 3
6420 0
6421 1
6422 2
6423 3
6424 0
6425 1
6426 2
6427 3
6428 0
6429 1
6430 2
6431 3
6432 0
6433 1
6434 2
6435 3
6436 0
6437 1
6438 2
6439 3
6440 0
6441 1
6442 2
6443 3
6444 0
6445 1
6446 2
6447 3
6448 0
6449 1
6450 2
6451 3
6452 0
6453 1
6454 2
6455 3
6456 0
6457 1
6458 2
6459 3
6460 0
6461 1
6462 2
6463 3
6464 0
6465 1
6466 2
6467 3
6468 0
6469 1
6470 2
6471 3
6472 0
6473 1
6474 2
6475 3
6476 0
6477 1
6478 2
6479 3
6480 0
6481 1
6482 2
6483 3
6484 0
6485 1
6486 2
6487 3
6488 0
6489 1
6490 2
6491 3
6492 0
6493 1
6494 2
6495 3
6496 0
6497 1
6498 2
6499 3
6500 0
6501 1
6502 2
6503 3
6504 0
6505 1
6506 2
6507 3
6508 0
6509 1
6510 2
6511 3
6512 0
6513 1
6514 2
6515 3
6516 0
6517 1
6518 2
6519 3
6520 0
6521 1
6522 2
6523 3
6524 0
6525 1
6526 2
6527 3
6528 0
6529 1
6530 2
6531 3
6532 0
6533 1
6534 2
6535 3
6536 0
6537 1
6538 2
6539 3
6540 0
6541 1
6542 2
6543 3
6544 0
6545 1
6546 2
6547 3
6548 0
6549 1
6550 2
6551 3
6552 0
6553 1
6554 2
6555 3
6556 0
6557 1
6558 2
6559 3
6560 0
6561 1
6562 2
6563 3
6564 0
6565 1
6566 2
6567 3
6568 0
6569 1
6570 2
6571 3
6572 0
6573 1
6574 2
6575 3
6576 0
6577 1
6578 2
6579 3
6580 0
6581 1
6582 2
6583 3
6584 0
6585 1
6586 2
6587 3
6588 0
6589 1
6590 2
6591 3
6592 0
6593 1
6594 2
6595 3
6596 0
6597 1
6598 2
6599 3
6600 0
6601 1
6602 2
6603 3
6604 0
6605 1
6606 2
6607 3
6608 0
6609 1
6610 2
6611 3
6612 0
6613 1
6614 2
6615 3
6616 0
6617 1
6618 2
6619 3
6620 0
6621 1
6622 2
6623 3
6624 0
6625 1
6626 2
6627 3
6628 0
6629 1
6630 2
6631 3
6632 0
6633 1
6634 2
6635 3
6636 0
6637 1
6638 2
6639 3
6640 0
6641 1
6642 2
6643 3
6644 0
6645 1
6646 2
6647 3
6648 0
6649 1
6650 2
6651 3
6652 0
6653 1
6654 2
6655 3
6656 0
6657 1
6658 2
6659 3
6660 0
6661 1
6662 2
6663 3
6664 0
6665 1
6666 2
6667 3
6668 0
6669 1
6670 2
6671 3
6672 0
6673 1
6674 2
6675 3
6676 0
6677 1
6678 2
6679 3
6680 0
6681 1
6682 2
6683 3
6684 0
6685 1
6686 2
6687 3
6688 0
6689 1
6690 2
6691 3
6692 0
6693 1
6694 2
6695 3
6696 0
6697 1
6698 2
6699 3
6700 0
6701 1
6702 2
6703 3
6704 0
6705 1
6706 2
6707 3
6708 0
6709 1
6710 2
6711 3
6712 0
6713 1
6714 2
6715 3
6716 0
6717 1
6718 2
6719 3
6720 0
6721 1
6722 2
6723 3
6724 0
6725 1
6726 2
6727 3
6728 0
6729 1
6730 2
6731 3
6732 0
6733 1
6734 2
6735 3
6736 0
6737 1
6738 2
6739 3
6740 0
6741 1
6742 2
6743 3
6744 0
6745 1
6746 2
6747 3
6748 0
6749 1
6750 2
6751 3
6752 0
6753 1
6754 2
6755 3
6756 0
6757 1
6758 2
6759 3
6760 0
6761 1
6762 2
6763 3
6764 0
6765 1
6766 2
6767 3
6768 0
6769 1
6770 2
6771 3
6772 0
6773 1
6774 2
6775 3
6776 0
6777 1
6778 2
6779 3
6780 0
6781 1
6782 2
6783 3
6784 0
6785 1
6786 2
6787 3
6788 0
6789 1
6790 2
6791 3
6792 0
6793 1
6794 2
6795 3
6796 0
6797 1
6798 2
6799 3
6800 0
6801 1
6802 2
6803 3
6804 0
6805 1
6806 2
6807 3
6808 0
6809 1
6810 2
6811 3
6812 0
6813 1
6814 2
6815 3
6816 0
6817 1
6818 2
6819 3
6820 0
6821 1
6822 2
6823 3
6824 0
6825 1
6826 2
6827 3
6828 0
6829 1
6830 2
6831 3
6832 0
6833 1
6834 2
6835 3
6836 0
6837 1
6838 2
6839 3
6840 0
6841 1
6842 2
6843 3
6844 0
6845 1
6846 2
6847 3
6848 0
6849 1
6850 2
6851 3
6852 0
6853 1
6854 2
6855 3
6856 0
6857 1
6858 2
6859 3
6860 0
6861 1
6862 2
6863 3
6864 0
6865 1
6866 2
6867 3
6868 0
6869 1
6870 2
6871 3
6872 0
6873 1
6874 2
6875 3
6876 0
6877 1
6878 2
6879 3
6880 0
6881 1
6882 2
6883 3
6884 0
6885 1
6886 2
6887 3
6888 0
6889 1
6890 2
6891 3
6892 0
6893 1
6894 2
6895 3
6896 0
6897 1
6898 2
6899 3
6900 0
6901 1
6902 2
6903 3
6904 0
6905 1
6906 2
6907 3
6908 0
6909 1
6910 2
6911 3
6912 0
6913 1
6914 2
6915 3
6916 0
6917 1
6918 2
6919 3
6920 0
6921 1
6922 2
6923 3
6924 0
6925 1
6926 2
6927 3
6928 0
6929 1
6930 2
6931 3
6932 0
6933 1
6934 2
6935 3
6936 0
6937 1
6938 2
6939 3
6940 0
6941 1
6942 2
6943 3
6944 0
6945 1
6946 2
6947 3
6948 0
6949 1
6950 2
6951 3
6952 0
6953 1
6954 2
6955 3
6956 0
6957 1
6958 2
6959 3
6960 0
6961 1
6962 2
6963 3
6964 0
6965 1
6966 2
6967 3
6968 0
6969 1
6970 2
6971 3
6972 0
6973 1
6974 2
6975 3
6976 0
6977 1
6978 2
6979 3
6980 0
6981 1
6982 2
6983 3
6984 0
6985 1
6986 2
6987 3
6988 0
6989 1
6990 2
6991 3
6992 0
6993 1
6994 2
6995 3
6996 0
6997 1
6998 2
6999 3
7000 0
7001 1
7002 2
7003 3
7004 0
7005 1
7006 2
7007 3
7008 0
7009 1
7010 2
7011 3
7012 0
7013 1
7014 2
7015 3
7016 0
7017 1
7018 2
7019 3
7020 0
7021 1
7022 2
7023 3
7024 0
7025 1
7026 2
7027 3
7028 0
7029 1
7030 2
7031 3
7032 0
7033 1
7034 2
7035 3
7036 0
7037 1
7038 2
7039 3
7040 0
7041 1
7042 2
7043 3
7044 0
7045 1
7046 2
7047 3
7048 0
7049 1
7050 2
7051 3
7052 0
7053 1
7054 2
7055 3
7056 0
7057 1
7058 2
7059 3
7060 0
7061 1
7062 2
7063 3
7064 0
7065 1
7066 2
7067 3
7068 0
7069 1
7070 2
7071 3
7072 0
7073 1
7074 2
7075 3
7076 0
7077 1
7078 2
7079 3
7080 0
7081 1
7082 2
7083 3
7084 0
7085 1
7086 2
7087 3
7088 0
7089 1
7090 2
7091 3
7092 0
7093 1
7094 2
7095 3
7096 0
7097 1
7098 2
7099 3
7100 0
7101 1
7102 2
7103 3
7104 0
7105 1
7106 2
7107 3
7108 0
7109 1
7110 2
7111 3
7112 0
7113 1
7114 2
7115 3
7116 0
7117 1
7118 2
7119 3
7120 0
7121 1
7122 2
7123 3
7124 0
7125 1
7126 2
7127 3
7128 0
7129 1
7130 2
7131 3
7132 0
7133 1
7134 2
7135 3
7136 0
7137 1
7138 2
7139 3
7140 0
7141 1
7142 2
7143 3
7144 0
7145 1
7146 2
7147 3
7148 0
7149 1
7150 2
7151 3
7152 0
7153 1
7154 2
7155 3
7156 0
7157 1
7158 2
7159 3
7160 0
7161 1
7162 2
7163 3
7164 0
7165 1
7166 2
7167 3
7168 0
7169 1
7170 2
7171 3
7172 0
7173 1
7174 2
7175 3
7176 0
7177 1
7178 2
7179 3
7180 0
7181 1
7182 2
7183 3
7184 0
7185 1
7186 2
7187 3
7188 0
7189 1
7190 2
7191 3
7192 0
7193 1
7194 2
7195 3
7196 0
7197 1
7198 2
7199 3
7200 0
7201 1
7202 2
7203 3
7204 0
7205 1
7206 2
7207 3
7208 0
7209 1
7210 2
7211 3
7212 0
7213 1
7214 2
7215 3
7216 0
7217 1
7218 2
7219 3
7220 0
7221 1
7222 2
7223 3
7224 0
7225 1
7226 2
7227 3
7228 0
7229 1
7230 2
7231 3
7232 0
7233 1
7234 2
7235 3
7236 0
7237 1
7238 2
7239 3
7240 0
7241 1
7242 2
7243 3
7244 0
7245 1
7246 2
7247 3
7248 0
7249 1
7250 2
7251 3
7252 0
7253 1
7254 2
7255 3
7256 0
7257 1
7258 2
7259 3
7260 0
7261 1
7262 2
7263 3
7264 0
7265 1
7266 2
7267 3
7268 0
7269 1
7270 2
7271 3
7272 0
7273 1
7274 2
7275 3
7276 0
7277 1
7278 2
7279 3
7280 0
7281 1
7282 2
7283 3
7284 0
7285 1
7286 2
7287 3
7288 0
7289 1
7290 2
7291 3
7292 0
7293 1
7294 2
7295 3
7296 0
7297 1
7298 2
7299 3
7300 0
7301 1
7302 2
7303 3
7304 0
7305 1
7306 2
7307 3
7308 0
7309 1
7310 2
7311 3
7312 0
7313 1
7314 2
7315 3
7316 0
7317 1
7318 2
7319 3
7320 0
7321 1
7322 2
7323 3
7324 0
7325 1
7326 2
7327 3
7328 0
7329 1
7330 2
7331 3
7332 0
7333 1
7334 2
7335 3
7336 0
7337 1
7338 2
7339 3
7340 0
7341 1
7342 2
7343 3
7344 0
7345 1
7346 2
7347 3
7348 0
7349 1
7350 2
7351 3
7352 0
7353 1
7354 2
7355 3
7356 0
7357 1
7358 2
7359 3
7360 0
7361 1
7362 2
7363 3
7364 0
7365 1
7366 2
7367 3
7368 0
7369 1
7370 2
7371 3
7372 0
7373 1
7374 2
7375 3
7376 0
7377 1
7378 2
7379 3
7380 0
7381 1
7382 2
7383 3
7384 0
7385 1
7386 2
7387 3
7388 0
7389 1
7390 2
7391 3
7392 0
7393 1
7394 2
7395 3
7396 0
7397 1
7398 2
7399 3
7400 0
7401 1
7402 2
7403 3
7404 0
7405 1
7406 2
7407 3
7408 0
7409 1
7410 2
7411 3
7412 0
7413 1
7414 2
7415 3
7416 0
7417 1
7418 2
7419 3
7420 0
7421 1
7422 2
7423 3
7424 0
7425 1
7426 2
7427 3
7428 0
7429 1
7430 2
7431 3
7432 0
7433 1
7434 2
7435 3
7436 0
7437 1
7438 2
7439 3
7440 0
7441 1
7442 2
7443 3
7444 0
7445 1
7446 2
7447 3
7448 0
7449 1
7450 2
7451 3
7452 0
7453 1
7454 2
7455 3
7456 0
7457 1
7458 2
7459 3
7460 0
7461 1
7462 2
7463 3
7464 0
7465 1
7466 2
7467 3
7468 0
7469 1
7470 2
7471 3
7472 0
7473 1
7474 2
7475 3
7476 0
7477 1
7478 2
7479 3
7480 0
7481 1
7482 2
7483 3
7484 0
7485 1
7486 2
7487 3
7488 0
7489 1
7490 2
7491 3
7492 0
7493 1
7494 2
7495 3
7496 0
7497 1
7498 2
7499 3
7500 0
7501 1
7502 2
7503 3
7504 0
7505 1
7506 2
7507 3
7508 0
7509 1
7510 2
7511 3
7512 0
7513 1
7514 2
7515 3
7516 0
7517 1
7518 2
7519 3
7520 0
7521 1
7522 2
7523 3
7524 0
7525 1
7526 2
7527 3
7528 0
7529 1
7530 2
7531 3
7532 0
7533 1
7534 2
7535 3
7536 0
7537 1
7538 2
7539 3
7540 0
7541 1
7542 2
7543 3
7544 0
7545 1
7546 2
7547 3
7548 0
7549 1
7550 2
7551 3
7552 0
7553 1
7554 2
7555 3
7556 0
7557 1
7558 2
7559 3
7560 0
7561 1
7562 2
7563 3
7564 0
7565 1
7566 2
7567 3
7568 0
7569 1
7570 2
7571 3
7572 0
7573 1
7574 2
7575 3
7576 0
7577 1
7578 2
7579 3
7580 0
7581 1
7582 2
7583 3
7584 0
7585 1
7586 2
7587 3
7588 0
7589 1
7590 2
7591 3
7592 0
7593 1
7594 2
7595 3
7596 0
7597 1
7598 2
7599 3
7600 0
7601 1
7602 2
7603 3
7604 0
7605 1
7606 2
7607 3
7608 0
7609 1
7610 2
7611 3
7612 0
7613 1
7614 2
7615 3
7616 0
7617 1
7618 2
7619 3
7620 0
7621 1
7622 2
7623 3
7624 0
7625 1
7626 2
7627 3
7628 0
7629 1
7630 2
7631 3
7632 0
7633 1
7634 2
7635 3
7636 0
7637 1
7638 2
7639 3
7640 0
7641 1
7642 2
7643 3
7644 0
7645 1
7646 2
7647 3
7648 0
7649 1
7650 2
7651 3
7652 0
7653 1
7654 2
7655 3
7656 0
7657 1
7658 2
7659 3
7660 0
7661 1
7662 2
7663 3
7664 0
7665 1
7666 2
7667 3
7668 0
7669 1
7670 2
7671 3
7672 0
7673 1
7674 2
7675 3
7676 0
7677 1
7678 2
7679 3
7680 0
7681 1
7682 2
7683 3
7684 0
7685 1
7686 2
7687 3
7688 0
7689 1
7690 2
7691 3
7692 0
7693 1
7694 2
7695 3
7696 0
7697 1
7698 2
7699 3
7700 0
7701 1
7702 2
7703 3
7704 0
7705 1
7706 2
7707 3
7708 0
7709 1
7710 2
7711 3
7712 0
7713 1
7714 2
7715 3
7716 0
7717 1
7718 2
7719 3
7720 0
7721 1
7722 2
7723 3
7724 0
7725 1
7726 2
7727 3
7728 0
7729 1
7730 2
7731 3
7732 0
7733 1
7734 2
7735 3
7736 0
7737 1
7738 2
7739 3
7740 0
7741 1
7742 2
7743 3
7744 0
7745 1
7746 2
7747 3
7748 0
7749 1
7750 2
7751 3
7752 0
7753 1
7754 2
7755 3
7756 0
7757 1
7758 2
7759 3
7760 0
7761 1
7762 2
7763 3
7764 0
7765 1
7766 2
7767 3
7768 0
7769 1
7770 2
7771 3
7772 0
7773 1
7774 2
7775 3
7776 0
7777 1
7778 2
7779 3
7780 0
7781 1
7782 2
7783 3
7784 0
7785 1
7786 2
7787 3
7788 0
7789 1
7790 2
7791 3
7792 0
7793 1
7794 2
7795 3
7796 0
7797 1
7798 2
7799 3
7800 0
7801 1
7802 2
7803 3
7804 0
7805 1
7806 2
7807 3
7808 0
7809 1
7810 2
7811 3
7812 0
7813 1
7814 2
7815 3
7816 0
7817 1
7818 2
7819 3
7820 0
7821 1
7822 2
7823 3
7824 0
7825 1
7826 2
7827 3
7828 0
7829 1
7830 2
7831 3
7832 0
7833 1
7834 2
7835 3
7836 0
7837 1
7838 2
7839 3
7840 0
7841 1
7842 2
7843 3
7844 0
7845 1
7846 2
7847 3
7848 0
7849 1
7850 2
7851 3
7852 0
7853 1
7854 2
7855 3
7856 0
7857 1
7858 2
7859 3
7860 0
7861 1
7862 2
7863 3
7864 0
7865 1
7866 2
7867 3
7868 0
7869 1
7870 2
7871 3
7872 0
7873 1
7874 2
7875 3
7876 0
7877 1
7878 2
7879 3
7880 0
7881 1
7882 2
7883 3
7884 0
7885 1
7886 2
7887 3
7888 0
7889 1
7890 2
7891 3
7892 0
7893 1
7894 2
7895 3
7896 0
7897 1
7898 2
7899 3
7900 0
7901 1
7902 2
7903 3
7904 0
7905 1
7906 2
7907 3
7908 0
7909 1
7910 2
7911 3
7912 0
7913 1
7914 2
7915 3
7916 0
7917 1
7918 2
7919 3
7920 0
7921 1
7922 2
7923 3
7924 0
7925 1
7926 2
7927 3
7928 0
7929 1
7930 2
7931 3
7932 0
7933 1
7934 2
7935 3
7936 0
7937 1
7938 2
7939 3
7940 0
7941 1
7942 2
7943 3
7944 0
7945 1
7946 2
7947 3
7948 0
7949 1
7950 2
7951 3
7952 0
7953 1
7954 2
7955 3
7956 0
7957 1
7958 2
7959 3
7960 0
7961 1
7962 2
7963 3
7964 0
7965 1
7966 2
7967 3
7968 0
7969 1
7970 2
7971 3
7972 0
7973 1
7974 2
7975 3
7976 0
7977 1
7978 2
7979 3
7980 0
7981 1
7982 2
7983 3
7984 0
7985 1
7986 2
7987 3
7988 0
7989 1
7990 2
7991 3
7992 0
7993 1
7994 2
7995 3
7996 0
7997 1
7998 2
7999 3
8000 0
8001 1
8002 2
8003 3
8004 0
8005 1
8006 2
8007 3
8008 0
8009 1
8010 2
8011 3
8012 0
8013 1
8014 2
8015 3
8016 0
8017 1
8018 2
8019 3
8020 0
8021 1
8022 2
8023 3
8024 0
8025 1
8026 2
8027 3
8028 0
8029 1
8030 2
8031 3
8032 0
8033 1
8034 2
8035 3
8036 0
8037 1
8038 2
8039 3
8040 0
8041 1
8042 2
8043 3
8044 0
8045 1
8046 2
8047 3
8048 0
8049 1
8050 2
8051 3
8052 0
8053 1
8054 2
8055 3
8056 0
8057 1
8058 2
8059 3
8060 0
8061 1
8062 2
8063 3
8064 0
8065 1
8066 2
8067 3
8068 0
8069 1
8070 2
8071 3
8072 0
8073 1
8074 2
8075 3
8076 0
8077 1
8078 2
8079 3
8080 0
8081 1
8082 2
8083 3
8084 0
8085 1
8086 2
8087 3
8088 0
8089 1
8090 2
8091 3
8092 0
8093 1
8094 2
8095 3
8096 0
8097 1
8098 2
8099 3
8100 0
8101 1
8102 2
8103 3
8104 0
8105 1
8106 2
8107 3
8108 0
8109 1
8110 2
8111 3
8112 0
8113 1
8114 2
8115 3
8116 0
8117 1
8118 2
8119 3
8120 0
8121 1
8122 2
8123 3
8124 0
8125 1
8126 2
8127 3
8128 0
8129 1
8130 2
8131 3
8132 0
8133 1
8134 2
8135 3
8136 0
8137 1
8138 2
8139 3
8140 0
8141 1
8142 2
8143 3
8144 0
8145 1
8146 2
8147 3
8148 0
8149 1
8150 2
8151 3
8152 0
8153 1
8154 2
8155 3
8156 0
8157 1
8158 2
8159 3
8160 0
8161 1
8162 2
8163 3
8164 0
8165 1
8166 2
8167 3
8168 0
8169 1
8170 2
8171 3
8172 0
8173 1
8174 2
8175 3
8176 0
8177 1
8178 2
8179 3
8180 0
8181 1
8182 2
8183 3
8184 0
8185 1
8186 2
8187 3
8188 0
8189 1
8190 2
8191 3
8192 0
8193 1
8194 2
8195 3
8196 0
8197 1
8198 2
8199 3
8200 0
8201 1
8202 2
8203 3
8204 0
8205 1
8206 2
8207 3
8208 0
8209 1
8210 2
8211 3
8212 0
8213 1
8214 2
8215 3
8216 0
8217 1
8218 2
8219 3
8220 0
8221 1
8222 2
8223 3
8224 0
8225 1
8226 2
8227 3
8228 0
8229 1
8230 2
8231 3
8232 0
8233 1
8234 2
8235 3
8236 0
8237 1
8238 2
8239 3
8240 0
8241 1
8242 2
8243 3
8244 0
8245 1
8246 2
8247 3
8248 0
8249 1
8250 2
8251 3
8252 0
8253 1
8254 2
8255 3
8256 0
8257 1
8258 2
8259 3
8260 0
8261 1
8262 2
8263 3
8264 0
8265 1
8266 2
8267 3
8268 0
8269 1
8270 2
8271 3
8272 0
8273 1
8274 2
8275 3
8276 0
8277 1
8278 2
8279 3
8280 0
8281 1
8282 2
8283 3
8284 0
8285 1
8286 2
8287 3
8288 0
8289 1
8290 2
8291 3
8292 0
8293 1
8294 2
8295 3
8296 0
8297 1
8298 2
8299 3
8300 0
8301 1
8302 2
8303 3
8304 0
8305 1
8306 2
8307 3
8308 0
8309 1
8310 2
8311 3
8312 0
8313 1
8314 2
8315 3
8316 0
8317 1
8318 2
8319 3
8320 0
8321 1
8322 2
8323 3
8324 0
8325 1
8326 2
8327 3
8328 0
8329 1
8330 2
8331 3
8332 0
8333 1
8334 2
8335 3
8336 0
8337 1
8338 2
8339 3
8340 0
8341 1
8342 2
8343 3
8344 0
8345 1
8346 2
8347 3
8348 0
8349 1
8350 2
8351 3
8352 0
8353 1
8354 2
8355 3
8356 0
8357 1
8358 2
8359 3
8360 0
8361 1
8362 2
8363 3
8364 0
8365 1
8366 2
8367 3
8368 0
8369 1
8370 2
8371 3
8372 0
8373 1
8374 2
8375 3
8376 0
8377 1
8378 2
8379 3
8380 0
8381 1
8382 2
8383 3
8384 0
8385 1
8386 2
8387 3
8388 0
8389 1
8390 2
8391 3
8392 0
8393 1
8394 2
8395 3
8396 0
8397 1
8398 2
8399 3
8400 0
8401 1
8402 2
8403 3
8404 0
8405 1
8406 2
8407 3
8408 0
8409 1
8410 2
8411 3
8412 0
8413 1
8414 2
8415 3
8416 0
8417 1
8418 2
8419 3
8420 0
8421 1
8422 2
8423 3
8424 0
8425 1
8426 2
8427 3
8428 0
8429 1
8430 2
8431 3
8432 0
8433 1
8434 2
8435 3
8436 0
8437 1
8438 2
8439 3
8440 0
8441 1
8442 2
8443 3
8444 0
8445 1
8446 2
8447 3
8448 0
8449 1
8450 2
8451 3
8452 0
8453 1
8454 2
8455 3
8456 0
8457 1
8458 2
8459 3
8460 0
8461 1
8462 2
8463 3
8464 0
8465 1
8466 2
8467 3
8468 0
8469 1
8470 2
8471 3
8472 0
8473 1
8474 2
8475 3
8476 0
8477 1
8478 2
8479 3
8480 0
8481 1
8482 2
8483 3
8484 0
8485 1
8486 2
8487 3
8488 0
8489 1
8490 2
8491 3
8492 0
8493 1
8494 2
8495 3
8496 0
8497 1
8498 2
8499 3
8500 0
8501 1
8502 2
8503 3
8504 0
8505 1
8506 2
8507 3
8508 0
8509 1
8510 2
8511 3
8512 0
8513 1
8514 2
8515 3
8516 0
8517 1
8518 2
8519 3
8520 0
8521 1
8522 2
8523 3
8524 0
8525 1
8526 2
8527 3
8528 0
8529 1
8530 2
8531 3
8532 0
8533 1
8534 2
8535 3
8536 0
8537 1
8538 2
8539 3
8540 0
8541 1
8542 2
8543 3
8544 0
8545 1
8546 2
8547 3
8548 0
8549 1
8550 2
8551 3
8552 0
8553 1
8554 2
8555 3
8556 0
8557 1
8558 2
8559 3
8560 0
8561 1
8562 2
8563 3
8564 0
8565 1
8566 2
8567 3
8568 0
8569 1
8570 2
8571 3
8572 0
8573 1
8574 2
8575 3
8576 0
8577 1
8578 2
8579 3
8580 0
8581 1
8582 2
8583 3
8584 0
8585 1
8586 2
8587 3
8588 0
8589 1
8590 2
8591 3
8592 0
8593 1
8594 2
8595 3
8596 0
8597 1
8598 2
8599 3
8600 0
8601 1
8602 2
8603 3
8604 0
8605 1
8606 2
8607 3
8608 0
8609 1
8610 2
8611 3
8612 0
8613 1
8614 2
8615 3
8616 0
8617 1
8618 2
8619 3
8620 0
8621 1
8622 2
8623 3
8624 0
8625 1
8626 2
8627 3
8628 0
8629 1
8630 2
8631 3
8632 0
8633 1
8634 2
8635 3
8636 0
8637 1
8638 2
8639 3
8640 0
8641 1
8642 2
8643 3
8644 0
8645 1
8646 2
8647 3
8648 0
8649 1
8650 2
8651 3
8652 0
8653 1
8654 2
8655 3
8656 0
8657 1
8658 2
8659 3
8660 0
8661 1
8662 2
8663 3
8664 0
8665 1
8666 2
8667 3
8668 0
8669 1
8670 2
8671 3
8672 0
8673 1
8674 2
8675 3
8676 0
8677 1
8678 2
8679 3
8680 0
8681 1
8682 2
8683 3
8684 0
8685 1
8686 2
8687 3
8688 0
8689 1
8690 2
8691 3
8692 0
8693 1
8694 2
8695 3
8696 0
8697 1
8698 2
8699 3
8700 0
8701 1
8702 2
8703 3
8704 0
8705 1
8706 2
8707 3
8708 0
8709 1
8710 2
8711 3
8712 0
8713 1
8714 2
8715 3
8716 0
8717 1
8718 2
8719 3
8720 0
8721 1
8722 2
8723 3
8724 0
8725 1
8726 2
8727 3
8728 0
8729 1
8730 2
8731 3
8732 0
8733 1
8734 2
8735 3
8736 0
8737 1
8738 2
8739 3
8740 0
8741 1
8742 2
8743 3
8744 0
8745 1
8746 2
8747 3
8748 0
8749 1
8750 2
8751 3
8752 0
8753 1
8754 2
8755 3
8756 0
8757 1
8758 2
8759 3
8760 0
8761 1
8762 2
8763 3
8764 0
8765 1
8766 2
8767 3
8768 0
8769 1
8770 2
8771 3
8772 0
8773 1
8774 2
8775 3
8776 0
8777 1
8778 2
8779 3
8780 0
8781 1
8782 2
8783 3
8784 0
8785 1
8786 2
8787 3
8788 0
8789 1
8790 2
8791 3
8792 0
8793 1
8794 2
8795 3
8796 0
8797 1
8798 2
8799 3
8800 0
8801 1
8802 2
8803 3
8804 0
8805 1
8806 2
8807 3
8808 0
8809 1
8810 2
8811 3
8812 0
8813 1
8814 2
8815 3
8816 0
8817 1
8818 2
8819 3
8820 0
8821 1
8822 2
8823 3
8824 0
8825 1
8826 2
8827 3
8828 0
8829 1
8830 2
8831 3
8832 0
8833 1
8834 2
8835 3
8836 0
8837 1
8838 2
8839 3
8840 0
8841 1
8842 2
8843 3
8844 0
8845 1
8846 2
8847 3
8848 0
8849 1
8850 2
8851 3
8852 0
8853 1
8854 2
8855 3
8856 0
8857 1
8858 2
8859 3
8860 0
8861 1
8862 2
8863 3
8864 0
8865 1
8866 2
8867 3
8868 0
8869 1
8870 2
8871 3
8872 0
8873 1
8874 2
8875 3
8876 0
8877 1
8878 2
8879 3
8880 0
8881 1
8882 2
8883 3
8884 0
8885 1
8886 2
8887 3
8888 0
8889 1
8890 2
8891 3
8892 0
8893 1
8894 2
8895 3
8896 0
8897 1
8898 2
8899 3
8900 0
8901 1
8902 2
8903 3
8904 0
8905 1
8906 2
8907 3
8908 0
8909 1
8910 2
8911 3
8912 0
8913 1
8914 2
8915 3
8916 0
8917 1
8918 2
8919 3
8920 0
8921 1
8922 2
8923 3
8924 0
8925 1
8926 2
8927 3
8928 0
8929 1
8930 2
8931 3
8932 0
8933 1
8934 2
8935 3
8936 0
8937 1
8938 2
8939 3
8940 0
8941 1
8942 2
8943 3
8944 0
8945 1
8946 2
8947 3
8948 0
8949 1
8950 2
8951 3
8952 0
8953 1
8954 2
8955 3
8956 0
8957 1
8958 2
8959 3
8960 0
8961 1
8962 2
8963 3
8964 0
8965 1
8966 2
8967 3
8968 0
8969 1
8970 2
8971 3
8972 0
8973 1
8974 2
8975 3
8976 0
8977 1
8978 2
8979 3
8980 0
8981 1
8982 2
8983 3
8984 0
8985 1
8986 2
8987 3
8988 0
8989 1
8990 2
8991 3
8992 0
8993 1
8994 2
8995 3
8996 0
8997 1
8998 2
8999 3
9000 0
9001 1
9002 2
9003 3
9004 0
9005 1
9006 2
9007 3
9008 0
9009 1
9010 2
9011 3
9012 0
9013 1
9014 2
9015 3
9016 0
9017 1
9018 2
9019 3
9020 0
9021 1
9022 2
9023 3
9024 0
9025 1
9026 2
9027 3
9028 0
9029 1
9030 2
9031 3
9032 0
9033 1
9034 2
9035 3
9036 0
9037 1
9038 2
9039 3
9040 0
9041 1
9042 2
9043 3
9044 0
9045 1
9046 2
9047 3
9048 0
9049 1
9050 2
9051 3
9052 0
9053 1
9054 2
9055 3
9056 0
9057 1
9058 2
9059 3
9060 0
9061 1
9062 2
9063 3
9064 0
9065 1
9066 2
9067 3
9068 0
9069 1
9070 2
9071 3
9072 0
9073 1
9074 2
9075 3
9076 0
9077 1
9078 2
9079 3
9080 0
9081 1
9082 2
9083 3
9084 0
9085 1
9086 2
9087 3
9088 0
9089 1
9090 2
9091 3
9092 0
9093 1
9094 2
9095 3
9096 0
9097 1
9098 2
9099 3
9100 0
9101 1
9102 2
9103 3
9104 0
9105 1
9106 2
9107 3
9108 0
9109 1
9110 2
9111 3
9112 0
9113 1
9114 2
9115 3
9116 0
9117 1
9118 2
9119 3
9120 0
9121 1
9122 2
9123 3
9124 0
9125 1
9126 2
9127 3
9128 0
9129 1
9130 2
9131 3
9132 0
9133 1
9134 2
9135 3
9136 0
9137 1
9138 2
9139 3
9140 0
9141 1
9142 2
9143 3
9144 0
9145 1
9146 2
9147 3
9148 0
9149 1
9150 2
9151 3
9152 0
9153 1
9154 2
9155 3
9156 0
9157 1
9158 2
9159 3
9160 0
9161 1
9162 2
9163 3
9164 0
9165 1
9166 2
9167 3
9168 0
9169 1
9170 2
9171 3
9172 0
9173 1
9174 2
9175 3
9176 0
9177 1
9178 2
9179 3
9180 0
9181 1
9182 2
9183 3
9184 0
9185 1
9186 2
9187 3
9188 0
9189 1
9190 2
9191 3
9192 0
9193 1
9194 2
9195 3
9196 0
9197 1
9198 2
9199 3
9200 0
9201 1
9202 2
9203 3
9204 0
9205 1
9206 2
9207 3
9208 0
9209 1
9210 2
9211 3
9212 0
9213 1
9214 2
9215 3
9216 0
9217 1
9218 2
9219 3
9220 0
9221 1
9222 2
9223 3
9224 0
9225 1
9226 2
9227 3
9228 0
9229 1
9230 2
9231 3
9232 0
9233 1
9234 2
9235 3
9236 0
9237 1
9238 2
9239 3
9240 0
9241 1
9242 2
9243 3
9244 0
9245 1
9246 2
9247 3
9248 0
9249 1
9250 2
9251 3
9252 0
9253 1
9254 2
9255 3
9256 0
9257 1
9258 2
9259 3
9260 0
9261 1
9262 2
9263 3
9264 0
9265 1
9266 2
9267 3
9268 0
9269 1
9270 2
9271 3
9272 0
9273 1
9274 2
9275 3
9276 0
9277 1
9278 2
9279 3
9280 0
9281 1
9282 2
9283 3
9284 0
9285 1
9286 2
9287 3
9288 0
9289 1
9290 2
9291 3
9292 0
9293 1
9294 2
9295 3
9296 0
9297 1
9298 2
9299 3
9300 0
9301 1
9302 2
9303 3
9304 0
9305 1
9306 2
9307 3
9308 0
9309 1
9310 2
9311 3
9312 0
9313 1
9314 2
9315 3
9316 0
9317 1
9318 2
9319 3
9320 0
9321 1
9322 2
9323 3
9324 0
9325 1
9326 2
9327 3
9328 0
9329 1
9330 2
9331 3
9332 0
9333 1
9334 2
9335 3
9336 0
9337 1
9338 2
9339 3
9340 0
9341 1
9342 2
9343 3
9344 0
9345 1
9346 2
9347 3
9348 0
9349 1
9350 2
9351 3
9352 0
9353 1
9354 2
9355 3
9356 0
9357 1
9358 2
9359 3
9360 0
9361 1
9362 2
9363 3
9364 0
9365 1
9366 2
9367 3
9368 0
9369 1
9370 2
9371 3
9372 0
9373 1
9374 2
9375 3
9376 0
9377 1
9378 2
9379 3
9380 0
9381 1
9382 2
9383 3
9384 0
9385 1
9386 2
9387 3
9388 0
9389 1
9390 2
9391 3
9392 0
9393 1
9394 2
9395 3
9396 0
9397 1
9398 2
9399 3
9400 0
9401 1
9402 2
9403 3
9404 0
9405 1
9406 2
9407 3
9408 0
9409 1
9410 2
9411 3
9412 0
9413 1
9414 2
9415 3
9416 0
9417 1
9418 2
9419 3
9420 0
9421 1
9422 2
9423 3
9424 0
9425 1
9426 2
9427 3
9428 0
9429 1
9430 2
9431 3
9432 0
9433 1
9434 2
9435 3
9436 0
9437 1
9438 2
9439 3
9440 0
9441 1
9442 2
9443 3
9444 0
9445 1
9446 2
9447 3
9448 0
9449 1
9450 2
9451 3
9452 0
9453 1
9454 2
9455 3
9456 0
9457 1
9458 2
9459 3
9460 0
9461 1
9462 2
9463 3
9464 0
9465 1
9466 2
9467 3
9468 0
9469 1
9470 2
9471 3
9472 0
9473 1
9474 2
9475 3
9476 0
9477 1
9478 2
9479 3
9480 0
9481 1
9482 2
9483 3
9484 0
9485 1
9486 2
9487 3
9488 0
9489 1
9490 2
9491 3
9492 0
9493 1
9494 2
9495 3
9496 0
9497 1
9498 2
9499 3
9500 0
9501 1
9502 2
9503 3
9504 0
9505 1
9506 2
9507 3
9508 0
9509 1
9510 2
9511 3
9512 0
9513 1
9514 2
9515 3
9516 0
9517 1
9518 2
9519 3
9520 0
9521 1
9522 2
9523 3
9524 0
9525 1
9526 2
9527 3
9528 0
9529 1
9530 2
9531 3
9532 0
9533 1
9534 2
9535 3
9536 0
9537 1
9538 2
9539 3
9540 0
9541 1
9542 2
9543 3
9544 0
9545 1
9546 2
9547 3
9548 0
9549 1
9550 2
9551 3
9552 0
9553 1
9554 2
9555 3
9556 0
9557 1
9558 2
9559 3
9560 0
9561 1
9562 2
9563 3
9564 0
9565 1
9566 2
9567 3
9568 0
9569 1
9570 2
9571 3
9572 0
9573 1
9574 2
9575 3
9576 0
9577 1
9578 2
9579 3
9580 0
9581 1
9582 2
9583 3
9584 0
9585 1
9586 2
9587 3
9588 0
9589 1
9590 2
9591 3
9592 0
9593 1
9594 2
9595 3
9596 0
9597 1
9598 2
9599 3
9600 0
9601 1
9602 2
9603 3
9604 0
9605 1
9606 2
9607 3
9608 0
9609 1
9610 2
9611 3
9612 0
9613 1
9614 2
9615 3
9616 0
9617 1
9618 2
9619 3
9620 0
9621 1
9622 2
9623 3
9624 0
9625 1
9626 2
9627 3
9628 0
9629 1
9630 2
9631 3
9632 0
9633 1
9634 2
9635 3
9636 0
9637 1
9638 2
9639 3
9640 0
9641 1
9642 2
9643 3
9644 0
9645 1
9646 2
9647 3
9648 0
9649 1
9650 2
9651 3
9652 0
9653 1
9654 2
9655 3
9656 0
9657 1
9658 2
9659 3
9660 0
9661 1
9662 2
9663 3
9664 0
9665 1
9666 2
9667 3
9668 0
9669 1
9670 2
9671 3
9672 0
9673 1
9674 2
9675 3
9676 0
9677 1
9678 2
9679 3
9680 0
9681 1
9682 2
9683 3
9684 0
9685 1
9686 2
9687 3
9688 0
9689 1
9690 2
9691 3
9692 0
9693 1
9694 2
9695 3
9696 0
9697 1
9698 2
9699 3
9700 0
9701 1
9702 2
9703 3
9704 0
9705 1
9706 2
9707 3
9708 0
9709 1
9710 2
9711 3
9712 0
9713 1
9714 2
9715 3
9716 0
9717 1
9718 2
9719 3
9720 0
9721 1
9722 2
9723 3
9724 0
9725 1
9726 2
9727 3
9728 0
9729 1
9730 2
9731 3
9732 0
9733 1
9734 2
9735 3
9736 0
9737 1
9738 2
9739 3
9740 0
9741 1
9742 2
9743 3
9744 0
9745 1
9746 2
9747 3
9748 0
9749 1
9750 2
9751 3
9752 0
9753 1
9754 2
9755 3
9756 0
9757 1
9758 2
9759 3
9760 0
9761 1
9762 2
9763 3
9764 0
9765 1
9766 2
9767 3
9768 0
9769 1
9770 2
9771 3
9772 0
9773 1
9774 2
9775 3
9776 0
9777 1
9778 2
9779 3
9780 0
9781 1
9782 2
9783 3
9784 0
9785 1
9786 2
9787 3
9788 0
9789 1
9790 2
9791 3
9792 0
9793 1
9794 2
9795 3
9796 0
9797 1
9798 2
9799 3
9800 0
9801 1
9802 2
9803 3
9804 0
9805 1
9806 2
9807 3
9808 0
9809 1
9810 2
9811 3
9812 0
9813 1
9814 2
9815 3
9816 0
9817 1
9818 2
9819 3
9820 0
9821 1
9822 2
9823 3
9824 0
9825 1
9826 2
9827 3
9828 0
9829 1
9830 2
9831 3
9832 0
9833 1
9834 2
9835 3
9836 0
9837 1
9838 2
9839 3
9840 0
9841 1
9842 2
9843 3
9844 0
9845 1
9846 2
9847 3
9848 0
9849 1
9850 2
9851 3
9852 0
9853 1
9854 2
9855 3
9856 0
9857 1
9858 2
9859 3
9860 0
9861 1
9862 2
9863 3
9864 0
9865 1
9866 2
9867 3
9868 0
9869 1
9870 2
9871 3
9872 0
9873 1
9874 2
9875 3
9876 0
9877 1
9878 2
9879 3
9880 0
9881 1
9882 2
9883 3
9884 0
9885 1
9886 2
9887 3
9888 0
9889 1
9890 2
9891 3
9892 0
9893 1
9894 2
9895 3
9896 0
9897 1
9898 2
9899 3
9900 0
9901 1
9902 2
9903 3
9904 0
9905 1
9906 2
9907 3
9908 0
9909 1
9910 2
9911 3
9912 0
9913 1
9914 2
9915 3
9916 0
9917 1
9918 2
9919 3
9920 0
9921 1
9922 2
9923 3
9924 0
9925 1
9926 2
9927 3
9928 0
9929 1
9930 2
9931 3
9932 0
9933 1
9934 2
9935 3
9936 0
9937 1
9938 2
9939 3
9940 0
9941 1
9942 2
9943 3
9944 0
9945 1
9946 2
9947 3
9948 0
9949 1
9950 2
9951 3
9952 0
9953 1
9954 2
9955 3
9956 0
9957 1
9958 2
9959 3
9960 0
9961 1
9962 2
9963 3
9964 0
9965 1
9966 2
9967 3
9968 0
9969 1
9970 2
9971 3
9972 0
9973 1
9974 2
9975 3
9976 0
9977 1
9978 2
9979 3
9980 0
9981 1
9982 2
9983 3
9984 0
9985 1
9986 2
9987 3
9988 0
9989 1
9990 2
9991 3
9992 0
9993 1
9994 2
9995 3
9996 0
9997 1
9998 2
9999 3
Colors used: 4
Valid coloring: true
Execution time: 0.655937 ms
